0 0.4209518599562361 0.3774617067833698 0.09600656455142235 0.16411378555798684
0 0.5157275711159737 0.27133479212253836 0.07631291028446387 0.1312910284463895
0 0.5981947483588621 0.322757111597374 0.1058533916849016 0.18161925601750556
0 0.6868161925601752 0.3402625820568928 0.07385120350109418 0.13347921225382914
0 0.7742067833698028 0.3938730853391691 0.07138949671772461 0.12691466083151035
0 0.7778993435448568 0.521881838074398 0.06892778993435467 0.133479212253829
0 0.7606673960612694 0.6663019693654266 0.09354485776805282 0.15973741794310703
0 0.7545131291028447 0.8315098468271335 0.10831509846827117 0.17943107221006593
0 0.6880470459518603 0.7319474835886214 0.07385120350109405 0.12472647702407003
0 0.7108178336980305 0.4584245076586431 0.0726203501094092 0.12910284463894955
0 0.6326586433260393 0.4638949671772427 0.0738512035010941 0.1269146608315096
0 0.6738922319474837 0.5875273522975931 0.09231400437636793 0.1597374179431072
0 0.5151121444201312 0.4288840262582053 0.10708424507658645 0.1881838074398245
0 0.6191192560175054 0.6914660831509842 0.07385120350109389 0.12691466083150976
0 0.5766548140043769 0.5656455142231951 0.09231400437636789 0.1597374179431072
0 0.6283506564551423 0.8479212253829326 0.10954595185995618 0.18161925601750573
0 0.5403446389496718 0.8774617067833698 0.07385120350109392 0.1269146608315097
0 0.39941192560175076 0.5251641137855583 0.07262035010940916 0.12253829321663026
0 0.47264770240700216 0.5864332603938731 0.09354485776805245 0.16192560175054685
0 0.5329595185995624 0.7242888402625822 0.10831509846827128 0.1881838074398254
0 0.412335886214442 0.6859956236323849 0.07385120350109403 0.1291028446389499
0 0.44679978118161917 0.838074398249453 0.1083150984682713 0.19256017505470457
