0 0.22832330415754926 0.40043763676148797 0.1046225382932166 0.17943107221006557
0 0.29725109409190353 0.2888402625820569 0.08000547045951854 0.14442013129102854
0 0.4215672866520787 0.32494529540481387 0.11693107221006553 0.1991247264770238
0 0.5151121444201313 0.33807439824945296 0.07754376367614879 0.14223194748358858
0 0.6191192560175055 0.3818380743982494 0.07631291028446366 0.137855579868709
0 0.6271198030634572 0.5207877461706785 0.07508205689277903 0.14004376367614876
0 0.5520377461706785 0.4595185995623632 0.0775437636761487 0.135667396061269
0 0.46403172866520814 0.4682713347921223 0.07877461706783397 0.13566739606126904
0 0.3329458424507659 0.44857768052516406 0.12185448577680535 0.20568927789934358
0 0.5114195842450768 0.5973741794310724 0.09969912472647699 0.1706783369803061
0 0.6037335886214442 0.6706783369803062 0.09969912472647689 0.17286652078774623
0 0.6037335886214442 0.8490153172866518 0.11693107221006556 0.1969365426695841
0 0.5298823851203504 0.7527352297593005 0.0775437636761488 0.13566739606126918
0 0.47141684901531716 0.8818380743982495 0.11816192560175047 0.19256017505470444
0 0.4548003282275713 0.7166301969365426 0.08246717724288839 0.13347921225382936
0 0.37787199124726484 0.9223194748358862 0.0787746170678338 0.13785557986870908
0 0.4067970459518599 0.5842450765864332 0.09723741794310724 0.17505470459518585
0 0.20678336980306353 0.5645514223194747 0.07877461706783373 0.13566739606126912
0 0.29048140043763676 0.6236323851203499 0.10339168490153164 0.1706783369803061
0 0.23078501094091905 0.7341356673960614 0.08000547045951857 0.1422319474835888
0 0.36248632385120344 0.7592997811816192 0.11693107221006568 0.2056892778993436
0 0.27140317286652066 0.8905908096280087 0.11939277899343524 0.2100656455142229
