0 0.5332458941605837 0.3813868613138687 0.09546076642335745 0.1642335766423358
0 0.6271669708029198 0.27372262773722633 0.073905109489051 0.12773722627737205
0 0.7056911496350367 0.3248175182481752 0.10777828467153298 0.18248175182481766
0 0.797046076642336 0.3430656934306569 0.07493156934306566 0.13138686131386862
0 0.8832687043795621 0.3968978102189781 0.07082572992700732 0.12956204379562042
0 0.8863480839416062 0.5209854014598541 0.0708257299270076 0.12956204379562025
0 0.8709511861313868 0.6614963503649637 0.09340784671532858 0.16240875912408775
0 0.8611998175182479 0.8275547445255472 0.10675182481751831 0.18065693430656918
0 0.8191149635036497 0.4598540145985399 0.0718521897810218 0.12773722627737225
0 0.74110401459854 0.4644160583941605 0.07390510948905112 0.1295620437956204
0 0.7837020985401457 0.5866788321167885 0.09340784671532847 0.15875912408759127
0 0.797046076642335 0.7317518248175182 0.07287864963503651 0.12408759124087565
0 0.7369981751824816 0.8421532846715323 0.10675182481751849 0.17700729927007297
0 0.7282732664233573 0.6897810218978104 0.07287864963503632 0.12408759124087583
0 0.6507755474452547 0.8713503649635033 0.07390510948905112 0.1222627737226281
0 0.6861884124087593 0.563868613138686 0.08930200729927001 0.15693430656934323
0 0.625627281021897 0.43065693430656937 0.10572536496350357 0.18613138686131386
0 0.5127166970802921 0.523722627737226 0.07287864963503672 0.1277372262773721
0 0.5245209854014601 0.6843065693430652 0.07390510948905087 0.12773722627737225
0 0.5850821167883212 0.5848540145985403 0.09238138686131393 0.15875912408759096
0 0.6441035583941601 0.7217153284671535 0.1077782846715327 0.18795620437956204
0 0.5589073905109485 0.831204379562044 0.1077782846715327 0.18795620437956237
