0 0.22093818380743976 0.37308533916849024 0.09969912472647689 0.16849015317286647
0 0.3243298687089717 0.26367614879649903 0.07754376367614889 0.1334792122538295
0 0.41110503282275657 0.31838074398249466 0.11077680525164099 0.1903719912472648
0 0.49972647702406997 0.33260393873085337 0.07877461706783369 0.1356673960612691
0 0.5840399343544858 0.3916849015317287 0.07508205689277907 0.13129102844638943
0 0.5877324945295406 0.5207877461706784 0.07262035010940913 0.13129102844638948
0 0.5206509846827134 0.45842450765864334 0.0738512035010941 0.12910284463894972
0 0.4424917943107222 0.463894967177243 0.07508205689277897 0.13129102844638965
0 0.5705005470459515 0.6663019693654266 0.09477571115973758 0.16411378555798684
0 0.5649617067833699 0.8369803063457334 0.1107768052516414 0.18599562363238484
0 0.4972647702407005 0.737417943107221 0.07631291028446434 0.12691466083150998
0 0.4849562363238516 0.5897155361050325 0.09354485776805258 0.1641137855579868
0 0.4277215536105033 0.6969365426695844 0.07754376367614896 0.12910284463894972
0 0.43879923413566696 0.856673960612691 0.11200765864332599 0.18599562363238534
0 0.34833150984682726 0.8905908096280091 0.07631291028446387 0.12691466083150982
0 0.32186816192560175 0.424507658643326 0.11446936542669586 0.1969365426695843
0 0.3834108315098468 0.5689277899343544 0.09477571115973743 0.16192560175054654
0 0.19693654266958435 0.5328227571115973 0.07631291028446387 0.12910284463894972
0 0.2123222100656455 0.6991247264770236 0.07754376367614886 0.13347921225382928
0 0.27817286652078776 0.587527352297593 0.09846827133479215 0.16849015317286667
0 0.24678610503282283 0.8522975929978115 0.11200765864332601 0.19912472647702395
0 0.33786925601750556 0.7330415754923412 0.114469365426696 0.1969365426695842
