0 0.555828010948905 0.37864963503649646 0.09340784671532835 0.16240875912408767
0 0.6507755474452556 0.27463503649635035 0.07390510948905078 0.12956204379562045
0 0.7282732664233574 0.32572992700729925 0.10777828467153291 0.18430656934306597
0 0.8206546532846716 0.3439781021897808 0.07493156934306543 0.12956204379562034
0 0.9079037408759126 0.3987226277372264 0.07082572992700746 0.12956204379562045
0 0.9114963503649637 0.520985401459854 0.06774635036496335 0.13321167883211707
0 0.89507299270073 0.6633211678832115 0.0944343065693431 0.1624087591240879
0 0.8863480839416056 0.8302919708029196 0.10572536496350389 0.17883211678832103
0 0.8442632299270078 0.4616788321167883 0.06877281021897803 0.1240875912408761
0 0.820141423357664 0.7308394160583939 0.07185218978102194 0.12591240875912452
0 0.7652258211678824 0.4644160583941609 0.07493156934306547 0.12591240875912352
0 0.8067974452554744 0.5894160583941606 0.0923813868613141 0.16058394160583983
0 0.7544479927007299 0.6934306569343068 0.07390510948905103 0.12408759124087604
0 0.7092837591240876 0.5666058394160581 0.09032846715328467 0.15875912408759144
0 0.7606067518248174 0.845802919708029 0.10880474452554745 0.1770072992700729
0 0.674897354014599 0.874087591240876 0.07287864963503661 0.1204379562043799
0 0.6671989051094882 0.7244525547445254 0.10675182481751794 0.18613138686131375
0 0.6487226277372261 0.43248175182481746 0.10675182481751828 0.18613138686131403
0 0.5358120437956205 0.5237226277372262 0.06979927007299289 0.12408759124087591
0 0.6076642335766417 0.5875912408759121 0.09238138686131515 0.15693430656934293
0 0.5476163321167884 0.6843065693430656 0.07493156934306591 0.12773722627737225
0 0.5830291970802917 0.8312043795620433 0.10675182481751849 0.19160583941605838
