0 0.14708698030634565 0.40919037199124714 0.10708424507658637 0.18380743982494535
0 0.2190919037199125 0.29321663019693656 0.08123632385120348 0.14442013129102846
0 0.35017778993435433 0.3293216630196935 0.1193927789934356 0.2035010940919037
0 0.4443380743982494 0.3435448577680525 0.08123632385120363 0.14442013129102838
0 0.5495760393873085 0.3873085339168489 0.07754376367614874 0.14004376367614857
0 0.5551148796498903 0.5273522975929978 0.07877461706783354 0.1400437636761487
0 0.48064824945295404 0.46608315098468256 0.08000547045951864 0.14442013129102835
0 0.5329595185995624 0.6805251641137852 0.10092997811816223 0.17505470459518604
0 0.532959518599562 0.8632385120350107 0.11570021881838068 0.19912472647702356
0 0.4578774617067831 0.7625820568927789 0.08123632385120351 0.13785557986870906
0 0.3034053610503282 0.9343544857768051 0.08000547045951861 0.1312910284463894
0 0.380949124726477 0.7275711159737416 0.0824671772428884 0.13785557986870872
0 0.39141137855579833 0.4759299781181619 0.08123632385120348 0.13785557986870933
0 0.44003008752735245 0.6061269146608312 0.10216083150984691 0.17943107221006527
0 0.3329458424507658 0.5929978118161925 0.10216083150984691 0.17505470459518618
0 0.256632932166302 0.45404814004376354 0.12185448577680529 0.2078774617067833
0 0.1267778993435449 0.572210065645514 0.08123632385120352 0.13785557986870878
0 0.21293763676148797 0.6334792122538293 0.10339168490153179 0.17724288840262578
0 0.15077954048140044 0.7461706783369805 0.0824671772428884 0.1444201312910284
0 0.28555798687089706 0.7724288840262584 0.12062363238512028 0.21006564551422305
0 0.19324398249452945 0.8993435448577681 0.12062363238512036 0.2013129102844636
0 0.39818107221006577 0.8938730853391685 0.12185448577680519 0.1991247264770239
