0 0.3436851659751035 0.391078838174273 0.0991960580912864 0.1763485477178428
0 0.444048236514523 0.44294605809128584 0.11320020746887988 0.20124481327800856
0 0.439380186721991 0.27800829875518696 0.0781898340248962 0.136929460580913
0 0.5269061203319498 0.3257261410788385 0.11320020746887902 0.1908713692946057
0 0.6196836099585059 0.3371369294605809 0.07702282157676384 0.13900414937759323
0 0.7177126556016588 0.38589211618257274 0.07002074688796693 0.13278008298755165
0 0.7223807053941911 0.5176348547717842 0.07002074688796668 0.1348547717842323
0 0.7054590248962643 0.6639004149377585 0.09452800829875557 0.17012448132780103
0 0.7031250000000009 0.8392116182572613 0.10853215767634895 0.19294605809128576
0 0.5735866182572615 0.8661825726141071 0.11320020746888015 0.19294605809128546
0 0.4848936721991706 0.9076763485477174 0.07818983402489603 0.13485477178423189
0 0.38336358921161795 0.8744813278008291 0.11553423236514487 0.2053941908713698
0 0.3436851659751038 0.7188796680497928 0.07818983402489615 0.13900414937759348
0 0.32442946058091254 0.5487551867219921 0.08169087136929472 0.13485477178423225
0 0.40378630705394136 0.6099585062240666 0.09802904564315314 0.17427385892116162
0 0.4714730290456435 0.7489626556016598 0.1143672199170121 0.1991701244813282
0 0.5134854771784237 0.5767634854771785 0.09569502074688793 0.17012448132780061
0 0.5689185684647307 0.46784232365145256 0.07585580912863132 0.13485477178423266
0 0.6511929460580906 0.45643153526970937 0.07235477178423191 0.1369294605809129
0 0.6150155601659759 0.5912863070539413 0.093360995850622 0.17012448132780011
0 0.5607494813278004 0.7043568464730265 0.07818983402489653 0.13900414937759284
0 0.6319372406639002 0.7406639004149383 0.07585580912863077 0.1369294605809134
