0 0.461393704379562 0.3868613138686131 0.09340784671532845 0.16058394160583941
0 0.5548015510948905 0.27919708029197077 0.07493156934306572 0.12773722627737225
0 0.6348654197080286 0.3257299270072989 0.10777828467153283 0.18430656934306536
0 0.7262203467153282 0.3394160583941605 0.07493156934306575 0.13503649635036485
0 0.8139826642335771 0.38868613138686114 0.06979927007299308 0.12773722627737222
0 0.8196281934306568 0.5127737226277371 0.06671989051094883 0.12773722627737216
0 0.8047445255474446 0.6560218978102186 0.09238138686131395 0.15875912408759096
0 0.7990989963503646 0.8229927007299273 0.10572536496350379 0.17883211678832128
0 0.7328923357664234 0.728102189781022 0.07185218978102186 0.12408759124087582
0 0.7513686131386861 0.45437956204379587 0.07185218978102209 0.12773722627737227
0 0.6738708941605839 0.4635036496350365 0.07287864963503624 0.12408759124087589
0 0.6636062956204379 0.6906934306569343 0.07493156934306563 0.1259124087591242
0 0.7169822080291971 0.5848540145985398 0.09340784671532834 0.15875912408759144
0 0.6194685218978101 0.5684306569343066 0.08930200729927024 0.15875912408759119
0 0.5553147810218978 0.43521897810218974 0.10880474452554736 0.18795620437956173
0 0.6759238138686132 0.8430656934306567 0.107778284671533 0.17883211678832128
0 0.588674726277372 0.8786496350364963 0.07287864963503622 0.1259124087591241
0 0.4454116269192268 0.53748660778073 0.086051811686862 0.13475192738053124
0 0.46122440401594333 0.6989274834289319 0.09430353705633379 0.13940615192909944
0 0.5157960766423358 0.5930656934306566 0.09340784671532855 0.1605839416058393
0 0.5789233576642334 0.7281021897810221 0.10675182481751819 0.1897810218978101
0 0.4947536496350363 0.8439781021897816 0.10880474452554732 0.19160583941605863
