0 0.5301665145985401 0.4361313868613139 0.1077782846715328 0.1897810218978105
0 0.43573220802919715 0.3877737226277374 0.0954607664233576 0.16240875912408767
0 0.5281135948905105 0.281021897810219 0.07082572992700703 0.12773722627737227
0 0.6107436131386855 0.32755474452554734 0.10675182481751805 0.1843065693430656
0 0.7005588503649638 0.34032846715328463 0.07493156934306557 0.1332116788321168
0 0.7914005474452557 0.3895985401459854 0.06979927007299265 0.12956204379562053
0 0.7949931569343062 0.5155109489051094 0.07082572992700724 0.13321167883211693
0 0.7277600364963501 0.4562043795620433 0.07185218978102174 0.12773722627737266
0 0.6482093978102195 0.46532846715328463 0.07287864963503654 0.1277372262773723
0 0.7801094890510951 0.6596715328467155 0.09238138686131378 0.1624087591240878
0 0.7749771897810223 0.8257299270072993 0.10675182481751828 0.18065693430656915
0 0.7077440693430654 0.7299270072992702 0.07493156934306566 0.12408759124087601
0 0.691833941605839 0.5866788321167883 0.09443430656934261 0.16240875912408737
0 0.6389712591240876 0.6934306569343066 0.07493156934306562 0.12408759124087597
0 0.5938070255474449 0.5684306569343061 0.09135492700729878 0.15875912408759132
0 0.6502623175182475 0.8485401459854012 0.1098312043795617 0.18248175182481716
0 0.5630132299270071 0.8822992700729929 0.07287864963503642 0.12956204379562064
0 0.4196119201586347 0.5390133923915227 0.08934851323091067 0.13740941314438104
0 0.4363950003253711 0.7002600359546675 0.09141814738214193 0.13740786418715514
0 0.4896213503649636 0.5948905109489044 0.09443430656934297 0.16423357664233562
0 0.5532618613138686 0.7308394160583944 0.10675182481751819 0.18795620437956173
0 0.46909215328467135 0.8439781021897808 0.10880474452554732 0.1916058394160583
