0 0.3040207877461707 0.40043763676148797 0.10339168490153178 0.1794310722100656
0 0.40371991247264766 0.2800875273522976 0.08123632385120351 0.14004376367614868
0 0.4923413566739606 0.3271334792122538 0.11323851203501119 0.1947483588621445
0 0.5852707877461709 0.33916849015317285 0.07754376367614875 0.1400437636761488
0 0.6880470459518598 0.3840262582056893 0.07631291028446384 0.13785557986870906
0 0.6935858862144417 0.5185995623632385 0.07508205689277919 0.14004376367614882
0 0.6732768052516411 0.6684901531728668 0.09846827133479241 0.16849015317286628
0 0.6732768052516411 0.8435448577680527 0.11323851203501105 0.19474835886214448
0 0.5415754923413568 0.8741794310722103 0.1157002188183809 0.19474835886214448
0 0.6006564551422323 0.74945295404814 0.0787746170678338 0.13347921225382914
0 0.6209655361050329 0.4606126914660832 0.07262035010940923 0.13347921225382928
0 0.5354212253829327 0.4693654266958422 0.0787746170678337 0.13785557986870886
0 0.5828090809628008 0.5962800875273523 0.09723741794310728 0.17286652078774634
0 0.4067970459518597 0.447483588621444 0.11693107221006559 0.20350109409190345
0 0.4794173960612691 0.5820568927789936 0.09723741794310727 0.17067833698030616
0 0.5274206783369808 0.7122538293216624 0.07754376367614893 0.13785557986870944
0 0.45110776805251646 0.9157549234135668 0.07754376367614903 0.13347921225382914
0 0.3477160831509846 0.8851203501094094 0.11693107221006556 0.20787746170678345
0 0.43633752735229747 0.7549234135667394 0.11446936542669567 0.2013129102844639
0 0.3661788840262581 0.6203501094091906 0.09969912472647707 0.17286652078774606
0 0.2849425601750546 0.560175054704595 0.08000547045951842 0.13566739606126899
0 0.30525164113785574 0.730853391684902 0.07877461706783388 0.14004376367614893
