0 0.4775711159737417 0.37964989059080984 0.09354485776805246 0.15973741794310736
0 0.5723468271334794 0.2735229759299781 0.07631291028446398 0.12691466083150985
0 0.6517368708971553 0.32275711159737414 0.10708424507658662 0.18161925601750542
0 0.7428200218818375 0.34026258205689286 0.07508205689277886 0.13347921225382933
0 0.8289797592997814 0.3938730853391684 0.07262035010940893 0.13129102844638954
0 0.7655908096280091 0.45842450765864334 0.07138949671772428 0.12910284463894986
0 0.8326723194748362 0.5196936542669585 0.07015864332603926 0.1334792122538293
0 0.8166712253829322 0.6619256017505469 0.09477571115973732 0.1597374179431072
0 0.8086706783369803 0.8304157549234134 0.1083150984682712 0.18161925601750542
0 0.7422045951859958 0.7297592997811816 0.07385120350109411 0.12472647702407016
0 0.6874316192560177 0.4638949671772428 0.07262035010940907 0.12691466083150985
0 0.7292806345733045 0.5864332603938728 0.09231400437636744 0.16192560175054743
0 0.6751230853391682 0.6881838074398252 0.07508205689277898 0.1291028446389497
0 0.570500547045952 0.4299781181619256 0.10708424507658629 0.185995623632385
0 0.6314277899343547 0.563457330415755 0.09108315098468274 0.15973741794310717
0 0.6831236323851203 0.844638949671772 0.11077680525164141 0.1794310722100656
0 0.5963484682713349 0.8741794310722101 0.07262035010940923 0.12472647702407004
0 0.4572620350109408 0.5240700218818378 0.07508205689277893 0.12472647702407003
0 0.5298823851203504 0.5842450765864333 0.0923140043763676 0.16192560175054693
0 0.46895514223194745 0.6827133479212253 0.07385120350109402 0.1312910284463895
0 0.5040344638949671 0.8315098468271335 0.10708424507658666 0.19256017505470482
0 0.5889633479212253 0.7221006564551421 0.10708424507658634 0.18818380743982532
