0 0.19693654266958427 0.40262582056892776 0.10585339168490154 0.17943107221006574
0 0.26647975929978085 0.29212253829321666 0.0800054704595185 0.14223194748358875
0 0.39387308533916854 0.32603938730853377 0.11816192560175053 0.20131291028446374
0 0.4880333698030634 0.33916849015317285 0.08246717724288849 0.1444201312910284
0 0.5926559080962801 0.3851203501094089 0.08000547045951842 0.14004376367614868
0 0.5981947483588619 0.5229759299781181 0.07877461706783336 0.1400437636761485
0 0.5243435448577681 0.4628008752735228 0.08123632385120359 0.1378555798687089
0 0.4369529540481401 0.47264770240700216 0.08123632385120345 0.1356673960612691
0 0.5772702407002188 0.6750547045951859 0.10092997811816197 0.17286652078774586
0 0.5772702407002188 0.8555798687089714 0.1181619256017505 0.20131291028446394
0 0.44372264770240705 0.8873085339168492 0.11939277899343548 0.19912472647702406
0 0.50218818380744 0.7571115973741794 0.08123632385120352 0.135667396061269
0 0.4837253829321662 0.6017505470459518 0.10092997811816164 0.17505470459518602
0 0.37910284463894933 0.5897155361050329 0.1009299781181619 0.172866520787746
0 0.42772155361050324 0.7210065645514223 0.0824671772428886 0.1378555798687084
0 0.3495623632385121 0.9299781181619255 0.08123632385120345 0.1356673960612693
0 0.3034053610503283 0.44967177242888384 0.12185448577680524 0.20787746170678298
0 0.17478118161925602 0.5678336980306348 0.08123632385120345 0.13785557986870908
0 0.26094091903719907 0.6269146608315099 0.10339168490153167 0.1772428884026257
0 0.33356126914660833 0.7647702407002188 0.11816192560175075 0.20787746170678353
0 0.1987828227571117 0.7385120350109412 0.08000547045951864 0.14223194748358864
0 0.24124726477024072 0.8960612691466082 0.12062363238512035 0.20787746170678317
