0 0.025311469245334874 0.4147451363650241 0.05062293849066975 0.18013010414439712
0 0.11031866543994137 0.29003527471520607 0.08174313975506213 0.14532113734233265
0 0.20589324435757253 0.3397061967443421 0.11536721589347328 0.1988211220718929
0 0.2938681550255018 0.35664111413126476 0.08181615154384145 0.14135845829642965
0 0.3914312314845919 0.40486516201936307 0.08182044635494667 0.1409614268698654
0 0.39745255665333035 0.5419937085789328 0.07883984744830906 0.1430076657606207
0 0.32707778189231307 0.47863665516293563 0.08294568686436818 0.13619704975109184
0 0.24164325199279205 0.48778364841340116 0.08282113734233244 0.1357083956876281
0 0.10699018683382697 0.46116727239409966 0.1226039726048315 0.20353968787221743
0 0.0630392373942522 0.63299025745961 0.10164958922517789 0.17385395351678232
0 0.008724908759124081 0.5751076565983569 0.017449817518248163 0.12831750297773611
0 0.1804937314845916 0.6006551018538306 0.10187291940262036 0.1779922426167425
0 0.28807230743975804 0.6174564028952754 0.10027095486058082 0.174121186207739
0 0.3766978819900433 0.693743700943713 0.10067037229331513 0.1764346577894508
0 0.3758088560913784 0.8745113459365358 0.1124639235867209 0.1970421158720959
0 0.3027562666066031 0.7715427725009921 0.08472373866169894 0.13913660935161729
0 0.24348357855114067 0.8997228415233798 0.11994977934214936 0.20055431695324047
0 0.1491867059371468 0.9350853617567101 0.08231864444308715 0.12982927648657683
0 0.227285698469902 0.736737623308799 0.08279536847570512 0.13770882325993364
0 0.13206329406285325 0.7747686528418285 0.12057682176343035 0.20718932290871467
0 0.020479806752588335 0.7436490228266909 0.04095961350517667 0.14592737100536643
0 0.048131948049964846 0.899699935864154 0.09626389609992969 0.2006001282716912
