0 0.1503140938521211 0.4008146779464312 0.10335033442262473 0.1755871483981311
0 0.25438595654032914 0.28282380966924214 0.08312177411965896 0.14042696148795142
0 0.3469305462236204 0.3329413920532634 0.11664706960266309 0.19891274470879255
0 0.4387364283969091 0.34778425923098033 0.08049334972360465 0.14358794246098325
0 0.5343346287756161 0.39545093607794013 0.0784146611489483 0.13468527624225018
0 0.4705695683046758 0.47015774363986224 0.07841466114894789 0.13757902452432563
0 0.5398298395840331 0.5314227468466544 0.07883984744830984 0.13495250893320704
0 0.4324402353174726 0.6074199065449105 0.09869475918516914 0.1722963686894915
0 0.3853218626882084 0.4778349570900647 0.07986630730232393 0.13521974162416314
0 0.2550258833949242 0.45360076963015017 0.12080444675197724 0.20630363741868574
0 0.327603896252634 0.5913744922578872 0.09951936291726468 0.16984546315243026
0 0.21128752710503013 0.6242212075863531 0.10192445713587615 0.17572458235347915
0 0.12954653475552025 0.5615093302385243 0.08244748877622712 0.13521974162416361
0 0.15076504901811066 0.7334659316495127 0.0787152979262743 0.1413202821977208
0 0.1878421532846715 0.8909117979415443 0.11782384784534097 0.20447881990043665
0 0.28114907193904065 0.7670685337324008 0.11827480301133145 0.20345570045505895
0 0.29539496037320945 0.9275417646519868 0.08151980957761974 0.13424243349723622
0 0.38876630119414834 0.8871514522187942 0.11985099868674229 0.1963320404361251
0 0.5208403322847633 0.8629821641266843 0.11547029135998538 0.19659927312708156
0 0.5222297036771216 0.6823252298201143 0.10067466710441945 0.17274684665424714
0 0.4478242486943773 0.7609718107687142 0.08229717038756384 0.13891518797910976
0 0.373955645099716 0.7233836239806978 0.07976752664691715 0.13584582964297764
