0 0.11631564551422324 0.37527352297592986 0.10216083150984685 0.16849015317286656
0 0.2227844638949671 0.25273522975929985 0.07877461706783373 0.13347921225382936
0 0.31325218818380746 0.30853391684901527 0.11446936542669583 0.18818380743982488
0 0.4031044857768053 0.3216630196936542 0.07754376367614875 0.13566739606126915
0 0.4757248358862142 0.3851203501094089 0.07754376367614868 0.1356673960612691
0 0.47449398249452956 0.5164113785557989 0.0775437636761488 0.13566739606126926
0 0.46710886214442027 0.6652078774617068 0.09723741794310727 0.17067833698030643
0 0.46157002188183816 0.8413566739606125 0.11323851203501087 0.19037199124726442
0 0.39264223194748366 0.7396061269146605 0.07631291028446381 0.13129102844638907
0 0.41048960612691465 0.4485776805251643 0.07508205689277907 0.13129102844638937
0 0.33725382932166315 0.45842450765864334 0.07631291028446392 0.13347921225382936
0 0.38217997811816196 0.586433260393873 0.09477571115973746 0.16630196936542677
0 0.22093818380743988 0.4124726477024069 0.11693107221006577 0.1991247264770241
0 0.27940371991247254 0.565645514223195 0.09846827133479215 0.16849015317286656
0 0.3218681619256018 0.694748358862144 0.0775437636761488 0.1291028446389498
0 0.3329458424507658 0.8599562363238508 0.11446936542669577 0.19256017505470396
0 0.2412472647702407 0.8916849015317283 0.0787746170678337 0.1334792122538291
0 0.13662472647702406 0.851203501094092 0.11323851203501085 0.20131291028446374
0 0.22955415754923408 0.7319474835886214 0.11446936542669589 0.19474835886214448
0 0.17478118161925604 0.5776805251641138 0.10092997811816196 0.17067833698030635
0 0.08739059080962804 0.5371991247264772 0.07877461706783373 0.12910284463894997
0 0.10339168490153172 0.6936542669584245 0.07631291028446387 0.14004376367614882
