0 0.24986323851203487 0.4015317286652078 0.10585339168490142 0.1772428884026259
0 0.31756017505470446 0.28993435448577687 0.07877461706783369 0.14223194748358864
0 0.442491794310722 0.32275711159737425 0.11200765864332612 0.19912472647702406
0 0.5366520787746173 0.33698030634573295 0.07877461706783373 0.1400437636761488
0 0.35510120350109425 0.44748358862144433 0.11693107221006566 0.20350109409190364
0 0.6400437636761488 0.38183807439824946 0.07631291028446384 0.13785557986870894
0 0.5723468271334794 0.45842450765864334 0.07631291028446421 0.13785557986870908
0 0.6455826039387308 0.5164113785557987 0.07754376367614865 0.14004376367614876
0 0.6246580962800876 0.6684901531728669 0.09723741794310746 0.17286652078774561
0 0.4855716630196938 0.4671772428884027 0.08000547045951874 0.13785557986870908
0 0.6246580962800876 0.8468271334792122 0.11446936542669593 0.19693654266958427
0 0.49234135667396073 0.8785557986870898 0.11816192560175053 0.19474835886214437
0 0.5520377461706782 0.74945295404814 0.07754376367614882 0.1334792122538292
0 0.5323440919037199 0.5951859956236325 0.09969912472647707 0.1750547045951861
0 0.42895240700218823 0.5820568927789934 0.09969912472647699 0.17505470459518613
0 0.4769556892778995 0.7155361050328227 0.08000547045951867 0.14004376367614868
0 0.3834108315098468 0.7582056892778993 0.11693107221006546 0.2035010940919037
0 0.3994119256017504 0.9190371991247267 0.0800054704595187 0.13129102844638962
0 0.2941739606126916 0.8884026258205693 0.12062363238512036 0.21006564551422316
0 0.2510940919037199 0.7341356673960611 0.08123632385120351 0.14223194748358875
0 0.3132521881838075 0.6214442013129104 0.10216083150984678 0.17505470459518593
0 0.22832330415754928 0.563457330415755 0.08000547045951867 0.137855579868709
