0 0.3455776807256512 0.39487447698744765 0.10047281098249951 0.16744800415355968
0 0.4415903303759585 0.2832475643649024 0.07243198928015192 0.13139449653360993
0 0.5267864982591697 0.3308035305256084 0.1078813601380451 0.18484866994472085
0 0.6153755669150658 0.3433558317808385 0.07445914012155314 0.13473108756070012
0 0.7090582815410922 0.39064456525058766 0.0738578665668999 0.13344073542436574
0 0.6451300182481734 0.46065571267140976 0.07503464480957736 0.13005833307882625
0 0.7154919085758773 0.5191376782823808 0.07295595623492086 0.13655590507894766
0 0.698143019118589 0.664233576642335 0.09313727361573491 0.171899337262926
0 0.6938610924472411 0.8385914546620648 0.10931153223589764 0.19063616650887213
0 0.6251763258559072 0.7404750633723235 0.07618565418562707 0.12818770424212794
0 0.566831316999054 0.859733378126622 0.1108619590446812 0.18591760070854865
0 0.5546383482729134 0.7015087194209444 0.0762114230522547 0.13473108756069985
0 0.608890402147024 0.592687750053445 0.0926863184497449 0.1710518278716058
0 0.5656545387563758 0.46962327825794836 0.0747597768988787 0.13241761597898744
0 0.5088986100082467 0.5756421219802705 0.09238568167241844 0.16660049476223887
0 0.44211644473627953 0.4410484683749198 0.11048831047857569 0.20007329810951988
0 0.32553809211129114 0.5440628531289127 0.07696301499557126 0.1331735027334086
0 0.40354904101640043 0.6053278563357053 0.09278509910515204 0.16757780288916643
0 0.46598700485599925 0.7416547048224033 0.10865872094798922 0.19686650581803644
0 0.47921931786946814 0.896607671868796 0.07638751030754704 0.13023394313288397
0 0.3799898547017675 0.8606457868857461 0.11116259582200766 0.20136365024585398
0 0.34466503336590976 0.7104533793482568 0.0750604136762061 0.13606725101548406
