0 0.5311929744525546 0.38229927007299236 0.09546076642335784 0.16240875912408742
0 0.6240875912408755 0.27463503649635035 0.07185218978102187 0.1295620437956204
0 0.7015853102189782 0.32390510948905116 0.10572536496350357 0.1843065693430657
0 0.7934534671532846 0.33850364963503643 0.07390510948905153 0.13321167883211668
0 0.8801893248175177 0.38959854014598533 0.06877281021897809 0.12591240875912427
0 0.8848083941605839 0.5118613138686129 0.06569343065693443 0.12591240875912413
0 0.8175752737226274 0.45346715328467146 0.06877281021897812 0.12591240875912404
0 0.8709511861313867 0.6523722627737226 0.09135492700729925 0.15875912408759102
0 0.8632527372262776 0.8184306569343065 0.10264598540145929 0.17700729927007322
0 0.7990989963503651 0.7244525547445256 0.07287864963503637 0.12408759124087605
0 0.783188868613139 0.5812043795620436 0.092381386861314 0.1587591240875912
0 0.7411040145985395 0.4625912408759123 0.07185218978102192 0.12591240875912402
0 0.7323791058394158 0.6879562043795621 0.07287864963503646 0.12408759124087579
0 0.7411040145985404 0.839416058394161 0.10675182481751856 0.17518248175182494
0 0.656421076642336 0.8731751824817517 0.07287864963503657 0.11861313868613141
0 0.5326234296754514 0.6913573455537645 0.08628786839207478 0.1368616072321612
0 0.5182701013480292 0.5314943889472589 0.07776768475399734 0.13314292140645734
0 0.6882413321167884 0.5647810218978101 0.08930200729927011 0.1587591240875912
0 0.5650661496350361 0.8366788321167888 0.1077782846715328 0.18795620437956234
0 0.5861085766423357 0.5885036496350365 0.09032846715328467 0.15875912408759135
0 0.6251140510948907 0.4324817518248174 0.10469890510948857 0.1861313868613143
0 0.6482093978102182 0.7235401459854017 0.1057253649635037 0.1916058394160576
