0 0.4511291058394164 0.3868613138686132 0.09340784671532874 0.16058394160583966
0 0.5440237226277372 0.2773722627737226 0.07185218978102191 0.12773722627737227
0 0.6246008211678832 0.32572992700729886 0.1077782846715332 0.18430656934306558
0 0.7164689781021896 0.33941605839416056 0.0739051094890516 0.13138686131386865
0 0.8057709854014599 0.3895985401459854 0.06979927007299265 0.1332116788321167
0 0.8098768248175184 0.5127737226277371 0.06979927007299254 0.12773722627737227
0 0.7426437043795615 0.4580291970802919 0.07082572992700724 0.1277372262773723
0 0.7955063868613138 0.6569343065693429 0.0944343065693432 0.1605839416058391
0 0.7914005474452557 0.8248175182481755 0.1067518248175184 0.1824817518248173
0 0.724167427007299 0.7290145985401457 0.07287864963503636 0.12591240875912402
0 0.6641195255474454 0.4644160583941603 0.07390510948905116 0.12591240875912402
0 0.7077440693430657 0.5839416058394161 0.09956660583941612 0.14598540145985403
0 0.6543681569343065 0.6906934306569343 0.07493156934306572 0.1295620437956205
0 0.6656592153284673 0.8448905109489053 0.10777828467153303 0.18248175182481813
0 0.5789233576642332 0.8804744525547449 0.07390510948905106 0.12591240875912363
0 0.5450501824817517 0.4370437956204379 0.10880474452554717 0.18430656934306555
0 0.6097171532846714 0.5675182481751826 0.09238138686131388 0.16058394160583986
0 0.5696852189781022 0.7299270072992695 0.10675182481751828 0.18978102189781051
0 0.43213959854014605 0.5355839416058391 0.0739051094890512 0.12591240875912404
0 0.4475364963503649 0.6961678832116789 0.07390510948905112 0.1295620437956207
0 0.4844890510948904 0.8439781021897811 0.10880474452554735 0.1916058394160583
0 0.5060447080291972 0.5958029197080292 0.09443430656934312 0.16240875912408773
