0 0.11811804240601047 0.40148275967382363 0.10405038863268491 0.17371651956143302
0 0.22235310791619578 0.2865192560241884 0.08324632364169463 0.14033533885105212
0 0.316587705769172 0.3327848700485599 0.11654399413615103 0.19904254344440034
0 0.4089068178694681 0.3473834101945451 0.08201800766576045 0.14420639526005508
0 0.5047927705921877 0.3955845524234185 0.07676115887365206 0.13904498671471768
0 0.4416032148092723 0.4701577436398622 0.0799650879577315 0.13748740188742592
0 0.35485447271172466 0.4829772775860488 0.07861222245976238 0.13383776685092988
0 0.22369308898085083 0.45257765018477203 0.12137565662889757 0.20870109641755424
0 0.29619594264422927 0.5940010078490064 0.1032987966893688 0.17509849433466748
0 0.39980611313868614 0.6049270072992701 0.09135492700729926 0.1514598540145986
0 0.49092267812967644 0.6843065693430659 0.10219932504657461 0.17857251931710608
0 0.5103631405949361 0.5316899795376111 0.07503464480957717 0.13957945209663117
0 0.49012169585865706 0.8628943590996546 0.11787109076749212 0.196683260544238
0 0.4168930191185903 0.7612390434596705 0.0766108404849889 0.14354213114253456
0 0.3580712862291178 0.8902437162141525 0.11794410255627151 0.20019546162538543
0 0.34181113138686137 0.7226277372262774 0.06774635036496353 0.12043795620437962
0 0.24914199218153474 0.7699622820144759 0.11859691384418014 0.20585315945392993
0 0.26520243830742457 0.9312792047155116 0.07971598891366097 0.13744159056897667
0 0.1555344367498396 0.8959395901414041 0.11554330314876468 0.20812081971719149
0 0.11766708724002072 0.7365811013040954 0.07801524371621413 0.14229759032464953
0 0.1805066159179059 0.6269584338637266 0.10365097119995088 0.1742509849433468
0 0.096925297010048 0.5646703112115571 0.07959143939162572 0.1326390373514948
