0 0.2917122538293217 0.39934354485776796 0.10585339168490149 0.17286652078774606
0 0.3587937636761487 0.28993435448577687 0.0800054704595186 0.1422319474835886
0 0.48064824945295404 0.3271334792122538 0.11200765864332606 0.1947483588621444
0 0.5748085339168497 0.34026258205689275 0.08123632385120336 0.14223194748358858
0 0.6775847921225384 0.38512035010940915 0.0750820568927789 0.13566739606126918
0 0.6837390590809632 0.5207877461706784 0.07508205689277903 0.14004376367614874
0 0.6628145514223192 0.670678336980306 0.09723741794310631 0.17286652078774625
0 0.6621991247264769 0.8490153172866521 0.1132385120350109 0.19693654266958432
0 0.5292669584245074 0.8785557986870896 0.11570021881838091 0.19474835886214448
0 0.5883479212253833 0.7516411378555798 0.07877461706783381 0.13347921225382944
0 0.5144967177242888 0.7166301969365425 0.0787746170678337 0.13347921225382928
0 0.6098878555798685 0.461706783369803 0.07508205689277905 0.1356673960612689
0 0.5231126914660833 0.4704595185995623 0.07877461706783379 0.1356673960612691
0 0.5698851203501094 0.5995623632385118 0.0984682713347922 0.17067833698030604
0 0.4375683807439825 0.9212253829321662 0.08000547045951857 0.13566739606126896
0 0.3335612691466085 0.8873085339168483 0.11816192560175066 0.20787746170678315
0 0.4234135667396062 0.7592997811816189 0.11570021881838075 0.2056892778993435
0 0.46710886214442 0.5864332603938729 0.09723741794310717 0.17067833698030604
0 0.29171225382932187 0.7341356673960611 0.0787746170678338 0.1422319474835886
0 0.26955689277899353 0.5601750547045954 0.08123632385120348 0.1356673960612692
0 0.3532549234135668 0.6236323851203502 0.1009299781181619 0.17505470459518613
0 0.39448851203501073 0.45076586433260396 0.11693107221006586 0.20131291028446394
