0 0.5029653284671532 0.3822992700729926 0.09443430656934312 0.1624087591240876
0 0.5968864051094889 0.27463503649635024 0.07287864963503629 0.12956204379562042
0 0.6774635036496345 0.32481751824817484 0.10675182481751795 0.18248175182481735
0 0.7683052007299266 0.34124087591240887 0.07493156934306573 0.13138686131386876
0 0.855554288321168 0.3950729927007298 0.07493156934306584 0.12956204379562042
0 0.8586336678832108 0.5200729927007297 0.0708257299270073 0.13138686131386862
0 0.842210310218978 0.6624087591240873 0.09340784671532859 0.1605839416058391
0 0.8334854014598535 0.8293795620437956 0.10675182481751802 0.18065693430656948
0 0.7672787408759124 0.7299270072992701 0.07082572992700725 0.12408759124087582
0 0.7914005474452552 0.46076642335766416 0.07185218978102165 0.12591240875912402
0 0.7118499087591234 0.4635036496350372 0.07493156934306532 0.12773722627737236
0 0.7539347627737223 0.5857664233576644 0.0954607664233576 0.16058394160583908
0 0.6995323905109491 0.6897810218978102 0.0749315693430656 0.12773722627737188
0 0.7082572992700726 0.8439781021897804 0.10880474452554699 0.18065693430656954
0 0.6215214416058394 0.8722627737226277 0.07493156934306576 0.12408759124087604
0 0.5958599452554748 0.42974452554744497 0.1077782846715329 0.18795620437956229
0 0.6569343065693428 0.5647810218978102 0.09032846715328467 0.15875912408759113
0 0.4819229014598542 0.5237226277372262 0.07287864963503647 0.1277372262773722
0 0.4942404197080291 0.6843065693430657 0.07493156934306572 0.13138686131386837
0 0.5548015510948907 0.5839416058394161 0.09135492700729925 0.16058394160583941
0 0.6143362226277373 0.7217153284671529 0.1077782846715328 0.18795620437956212
0 0.5286268248175182 0.8312043795620434 0.10675182481751831 0.1916058394160583
