0 0.44249179431072194 0.38949671772428873 0.09969912472647742 0.17067833698030654
0 0.5360366520787747 0.2735229759299781 0.07754376367614867 0.13566739606126912
0 0.6221963894967171 0.3205689277899342 0.11200765864332625 0.19474835886214437
0 0.7157412472647704 0.33260393873085353 0.07754376367614882 0.1356673960612688
0 0.8166712253829321 0.3774617067833694 0.07015864332603931 0.1334792122538292
0 0.8234409190371995 0.5098468271334788 0.07138949671772413 0.14004376367614846
0 0.8031318380743983 0.6586433260393868 0.09477571115973772 0.16630196936542624
0 0.8012855579868711 0.8326039387308529 0.1083150984682719 0.1903719912472653
0 0.6714305251641133 0.8599562363238499 0.11200765864332604 0.1881838074398253
0 0.7305114879649895 0.7363238512035007 0.07508205689277922 0.13347921225382986
0 0.7132795404814014 0.5853391684901526 0.09723741794310746 0.16849015317286667
0 0.7483588621444202 0.4507658643326042 0.07138949671772463 0.1312910284463896
0 0.6658916849015317 0.4628008752735227 0.07631291028446327 0.13347921225382914
0 0.6105032822757112 0.5711159737417939 0.09354485776805235 0.17067833698030666
0 0.6585065645514224 0.7013129102844641 0.07877461706783381 0.13347921225382897
0 0.5692696936542675 0.74288840262582 0.11446936542669633 0.20350109409190456
0 0.581578227571116 0.8982494529540486 0.07508205689277896 0.13347921225382942
0 0.48249452954048133 0.8654266958424506 0.11570021881838075 0.19912472647702423
0 0.44674586998656196 0.7199269421966279 0.10132427000632774 0.14966020741388975
0 0.5009573304157549 0.6083150984682715 0.09846827133479141 0.16630196936542693
0 0.4274047011172093 0.5518828409870751 0.09759834889675843 0.142028883557904
0 0.540344638949672 0.43763676148796504 0.11323851203501123 0.20131291028446407
