0 0.2765819502074689 0.39522821576763484 0.10736514522821552 0.17634854771784247
0 0.37636151452282157 0.2800829875518671 0.0805238589211621 0.14107883817427372
0 0.46447095435684665 0.32780082987551873 0.11203319502074739 0.19502074688796708
0 0.5560814315352699 0.33921161825726104 0.07585580912863053 0.13070539419087107
0 0.6570280082987549 0.3869294605809127 0.07468879668049823 0.13485477178423216
0 0.6593620331950208 0.5197095435684649 0.07235477178423139 0.13485477178423255
0 0.6430238589211621 0.6690871369294604 0.09569502074688828 0.17219917012448124
0 0.6406898340248961 0.8454356846473025 0.10969917012448177 0.19294605809128668
0 0.5111514522821566 0.87344398340249 0.11436721991701254 0.19917012448132812
0 0.568335062240664 0.7479253112033186 0.07935684647302856 0.13485477178423205
0 0.5525803941908712 0.5975103734439834 0.09686203319502018 0.17012448132780128
0 0.5887577800829871 0.4626556016597514 0.07585580912863085 0.13692946058091318
0 0.5053163900414939 0.47199170124481343 0.07935684647302886 0.13485477178423202
0 0.37869553941908685 0.44709543568464727 0.11553423236514523 0.20124481327800814
0 0.25557572614107893 0.5560165975103734 0.07935684647302903 0.13692946058091224
0 0.3378501037344396 0.6151452282157677 0.09919605809128658 0.1763485477178425
0 0.44929979253111996 0.5840248962655604 0.09802904564315294 0.1721991701244816
0 0.497730809128632 0.7095435684647299 0.08052385892116158 0.14107883817427402
0 0.40612033195020764 0.7541493775933605 0.11670124481327829 0.20539419087136868
0 0.31567686721991667 0.8817427385892114 0.11553423236514523 0.20746887966804947
0 0.27541493775933584 0.7261410788381727 0.08169087136929465 0.14107883817427322
0 0.4201244813278004 0.9149377593360996 0.07935684647302871 0.13278008298755198
