0 0.35633205689277925 0.3949671772428879 0.09969912472647717 0.17286652078774573
0 0.4535694748358863 0.27789934354485757 0.07754376367614899 0.13566739606126924
0 0.5403446389496719 0.3249452954048139 0.11077680525164131 0.19037199124726473
0 0.6338894967177245 0.336980306345733 0.07631291028446385 0.14004376367614885
0 0.7335886214442009 0.38293216630196886 0.0738512035010939 0.1356673960612694
0 0.7409737417943109 0.5164113785557986 0.07138949671772436 0.13566739606126937
0 0.7206646608315098 0.6641137855579864 0.09723741794310672 0.17286652078774614
0 0.7175875273522979 0.8402625820568933 0.11077680525164137 0.19256017505470419
0 0.5883479212253832 0.8676148796498905 0.11323851203501083 0.19474835886214506
0 0.49911105032822745 0.9070021881838073 0.07754376367614904 0.13347921225382917
0 0.3975656455142233 0.87417943107221 0.1132385120350109 0.20350109409190423
0 0.3557166301969365 0.7188183807439822 0.07631291028446399 0.13347921225382947
0 0.3403685474773574 0.5588195514376585 0.0990569704820803 0.14271214942848331
0 0.4160284463894966 0.6137855579868706 0.09600656455142237 0.16849015317286575
0 0.45726203501094104 0.4431072210065642 0.11446936542669647 0.1991247264770239
0 0.5274206783369807 0.5776805251641135 0.09477571115973844 0.17067833698030604
0 0.4855716630196937 0.7461706783369799 0.11200765864332622 0.20131291028446438
0 0.5748085339168489 0.7067833698030631 0.07877461706783392 0.1312910284463897
0 0.6468134573304155 0.7407002188183796 0.0775437636761497 0.12910284463894997
0 0.6295815098468274 0.5908096280087526 0.09723741794310753 0.17067833698030652
0 0.5821936542669582 0.46608315098468267 0.07631291028446417 0.1356673960612694
0 0.6665071115973737 0.4573304157549235 0.07262035010940998 0.13129102844638932
