0 0.4757248358862146 0.3862144420131288 0.09723741794310735 0.1684901531728673
0 0.5692696936542672 0.27133479212253825 0.07754376367614879 0.13566739606126924
0 0.6535831509846826 0.3183807439824944 0.11323851203501163 0.19037199124726478
0 0.7452817286652076 0.32932166301969323 0.07754376367614906 0.13785557986870875
0 0.8486734135667393 0.37746170678336943 0.07262035010941015 0.13347921225382925
0 0.8535968271334794 0.5065645514223192 0.0701586433260392 0.13785557986870925
0 0.8357494529540478 0.6542669584245075 0.09600656455142156 0.1706783369803063
0 0.8314414660831514 0.8304157549234137 0.10954595185995565 0.19037199124726456
0 0.7028172866520792 0.8566739606126916 0.11077680525164077 0.19037199124726464
0 0.7612828227571117 0.7330415754923412 0.07508205689277922 0.1312910284463896
0 0.7434354485776808 0.5842450765864329 0.09600656455142266 0.16630196936542668
0 0.7797456236323851 0.4474835886214442 0.07262035010940908 0.13347921225382955
0 0.6966630196936545 0.4595185995623632 0.076312910284464 0.1312910284463897
0 0.5723468271334791 0.43763676148796504 0.1132385120350114 0.19693654266958396
0 0.6418900437636762 0.5667396061269145 0.09477571115973746 0.1663019693654271
0 0.6892778993435449 0.6947483588621444 0.07385120350109455 0.13347921225382933
0 0.6025027352297596 0.737417943107221 0.11200765864332608 0.20131291028446366
0 0.6135804157549235 0.8960612691466082 0.07508205689277886 0.1291028446389496
0 0.5163429978118161 0.8610503282275708 0.11446936542669581 0.20350109409190384
0 0.48137414924658123 0.7178740162769307 0.10714403659044819 0.15243571253761104
0 0.5335749452954048 0.6039387308533916 0.09723741794310731 0.17067833698030652
0 0.4612388319482943 0.5454007727957124 0.0946056065622934 0.1439028449884178
