0 0.19816739606126915 0.3796498905908096 0.10092997811816193 0.16849015317286656
0 0.3040207877461709 0.262582056892779 0.07877461706783387 0.13566739606126912
0 0.3914113785557982 0.3172866520787746 0.11077680525164112 0.19256017505470469
0 0.4806482494529542 0.32822757111597367 0.07508205689277889 0.13566739606126926
0 0.5612691466083153 0.38840262582056895 0.07385120350109418 0.13347921225382944
0 0.5631154266958426 0.5175054704595187 0.07508205689277894 0.13347921225382928
0 0.5495760393873086 0.6663019693654268 0.09477571115973739 0.16411378555798706
0 0.4978801969365426 0.4551422319474836 0.07508205689277905 0.13129102844638937
0 0.42156728665207877 0.4638949671772428 0.075082056892779 0.13129102844638957
0 0.5452680525164112 0.8358862144420129 0.11077680525164108 0.18380743982494527
0 0.46464715536104956 0.5897155361050325 0.09477571115973701 0.16411378555798695
0 0.47634026258205686 0.7385120350109409 0.07631291028446394 0.1291028446389498
0 0.4178747264770243 0.8555798687089714 0.11200765864332612 0.18818380743982502
0 0.4067970459518601 0.695842450765864 0.07754376367614885 0.13129102844638968
0 0.36371717724288843 0.5678336980306345 0.09477571115973743 0.1641137855579869
0 0.30278993435448576 0.4234135667396061 0.11570021881838079 0.19474835886214448
0 0.1766274617067834 0.5328227571115974 0.075082056892779 0.12910284463894983
0 0.19201312910284465 0.6958424507658646 0.07631291028446388 0.13566739606126937
0 0.2584792122538292 0.5842450765864333 0.09846827133479213 0.17067833698030652
0 0.3274070021881839 0.8894967177242886 0.07631291028446387 0.12910284463894936
0 0.3169447483588622 0.7330415754923414 0.11446936542669583 0.1969365426695844
0 0.22586159737417943 0.8490153172866514 0.11446936542669589 0.19693654266958444
