0 0.09662199124726477 0.37527352297593 0.10216083150984683 0.16849015317286656
0 0.20370623632385126 0.25054704595185995 0.0800054704595186 0.13785557986870897
0 0.2941739606126915 0.3063457330415755 0.11323851203501087 0.1925601750547046
0 0.384641684901532 0.31947483588621445 0.07754376367614868 0.13566739606126924
0 0.4554157549234133 0.38512035010940915 0.07631291028446378 0.13566739606126937
0 0.452954048140044 0.5175054704595184 0.07631291028446394 0.13347921225382964
0 0.391411378555799 0.4474835886214442 0.07631291028446394 0.1334792122538292
0 0.31694474835886227 0.4562363238512034 0.07754376367614889 0.13347921225382928
0 0.20124452954048144 0.412472647702407 0.11693107221006564 0.19912472647702406
0 0.06892778993435447 0.5339168490153172 0.07631291028446388 0.13566739606126924
0 0.15508752735229764 0.5787746170678336 0.10092997811816191 0.16849015317286678
0 0.2590946389496717 0.5667396061269145 0.0972374179431072 0.16630196936542652
0 0.36371717724288827 0.5897155361050327 0.09723741794310731 0.16411378555798706
0 0.4467997811816193 0.6695842450765861 0.09600656455142235 0.16630196936542682
0 0.3735640043763678 0.739606126914661 0.07754376367614892 0.13129102844638962
0 0.442491794310722 0.8424507658643323 0.11200765864332606 0.1881838074398251
0 0.3021745076586434 0.6958424507658646 0.07754376367614896 0.13129102844638957
0 0.2215536105032822 0.8938730853391686 0.07877461706783358 0.13347921225382922
0 0.08431345733041576 0.6936542669584245 0.075082056892779 0.13566739606126893
0 0.11693107221006571 0.8512035010940915 0.11323851203501092 0.2013129102844635
0 0.21047592997811812 0.7341356673960608 0.1157002188183807 0.1991247264770239
0 0.31448304157549234 0.8599562363238509 0.11446936542669577 0.1881838074398251
