0 0.035951863757138935 0.41358840057416857 0.07190372751427787 0.18190911034419593
0 0.13198813486852137 0.28854258925571913 0.0831217741196592 0.14198454631524332
0 0.12884648054546005 0.45700607763491413 0.12265551033808739 0.20981583849983182
0 0.2249321419845463 0.33941605839416056 0.11599425831475439 0.19788962526341533
0 0.31629995342515954 0.3548621079314663 0.08257203829826171 0.14314509971596956
0 0.4117736042818311 0.4039756589194639 0.08229717038756401 0.14443545185230458
0 0.416566613474636 0.5399894633967568 0.0781140243716215 0.14327489845157818
0 0.34831991761597886 0.47652169929450566 0.08237018217634309 0.1373117918333691
0 0.26283599738875496 0.48595883089515324 0.08089276715633897 0.1378462572152825
0 0.2022877504352073 0.5971161775035888 0.10204900665791156 0.17358672082582566
0 0.3098147886571176 0.6140510948905107 0.0995451317838928 0.17932840607152553
0 0.3980409457746694 0.6914951287298046 0.10174836988058537 0.17460984027120247
0 0.3962886628439666 0.8711289435909967 0.11376525135143414 0.20176068167241884
0 0.2657779429954496 0.8960312127783034 0.11937427465412505 0.20056195217298275
0 0.32325969482026684 0.7687597349051706 0.08212108313227244 0.13891518797911
0 0.24897878935955803 0.7312402650948293 0.08287267507558865 0.140961426869866
0 0.15340421044192648 0.7707181687688975 0.11824903414470253 0.20968603976422487
0 0.1700788145557829 0.933615581956448 0.07989207616895222 0.13276883608710338
0 0.06149954761323032 0.8974742693094706 0.11379102021806192 0.20505146138105895
0 0.03133279441407321 0.741788321167883 0.06266558882814642 0.14380936383349052
0 0.08527132707754329 0.6314326726323187 0.10380128958861427 0.17803805393519256
0 0.020904993051950024 0.5694995876981338 0.04180998610390005 0.1416715023058367
