0 0.3351391423357664 0.39324817518248173 0.07082572992700734 0.10401459854014604
0 0.42507892908407796 0.28560684726506436 0.07225590202485997 0.13450966618819318
0 0.5079473093485629 0.3311165745350148 0.10750771157193909 0.19161347463579978
0 0.5995277139388567 0.34402391350823064 0.07500887594294979 0.1375790245243259
0 0.6908074817518252 0.3923586720825819 0.06960170876217832 0.13108145252420347
0 0.6966033293375676 0.5211190178053334 0.06857524890816409 0.13366215679687293
0 0.627980837507252 0.46092294536236744 0.07213135250282464 0.12792047155117145
0 0.5470150585621356 0.4698905109489053 0.0753352815869049 0.131883150597074
0 0.42634375095440225 0.44345356259353097 0.1117381005100324 0.19375133616345397
0 0.30871316960877127 0.5464221360290752 0.07946688986959052 0.13005833307882572
0 0.38503411034419555 0.6078207555813454 0.09426251412515643 0.1679366582170237
0 0.49181170402834185 0.5759971596982567 0.09341214152643286 0.164729865925542
0 0.5924670444827901 0.592664844394222 0.09619088431115021 0.1673563815166603
0 0.6791277429526912 0.6651230797422331 0.09441283251381966 0.16682191613474576
0 0.537564326726323 0.6984813547933912 0.07576046788626574 0.13392938948782918
0 0.6064616864673363 0.7364245792993926 0.0740081849555633 0.13050117582384027
0 0.6756854518523044 0.8360107503893963 0.10690643801728635 0.1847570473078214
0 0.5500944381241789 0.8599777051583543 0.10913544498060732 0.18800965091775404
0 0.4613937043795622 0.8954738417371647 0.07358299865620128 0.13054698714229024
0 0.45024007994075077 0.7406544910362516 0.11116259582200846 0.20153926029991098
0 0.36401745220352466 0.8587331643404699 0.11086195904468113 0.2010047949179976
0 0.3254500484836455 0.7099647252847937 0.0753352815869038 0.14176312494273646
