0 0.5975793216630199 0.8544857768052517 0.11693107221006556 0.19912472647702414
0 0.46403172866520814 0.8807439824945295 0.1181619256017506 0.1991247264770239
0 0.5969638949671772 0.6739606126914657 0.1009299781181619 0.1750547045951861
0 0.6185038293216631 0.5207877461706781 0.07508205689277853 0.1400437636761487
0 0.5224972647702404 0.7560175054704598 0.08000547045951854 0.13785557986870908
0 0.6129649890590811 0.38293216630196947 0.07631291028446412 0.1356673960612692
0 0.543421772428884 0.460612691466083 0.07754376367614883 0.13785557986870897
0 0.5040344638949671 0.598468271334792 0.09969912472647692 0.172866520787746
0 0.5083424507658645 0.33916849015317285 0.07877461706783377 0.14004376367614876
0 0.4560311816192561 0.47155361050328215 0.08000547045951861 0.137855579868709
0 0.4147975929978119 0.32603938730853393 0.11570021881838083 0.19693654266958427
0 0.2892505470459519 0.28774617067833697 0.08123632385120348 0.1422319474835886
0 0.22093818380743982 0.4015317286652078 0.10216083150984685 0.1772428884026257
0 0.3249452954048141 0.4485776805251639 0.12062363238512035 0.20568927789934321
0 0.3987964989059081 0.5864332603938731 0.10092997811816189 0.17505470459518593
0 0.4474152078774614 0.7199124726477022 0.08000547045951854 0.1400437636761487
0 0.3711022975929979 0.9245076586433261 0.08000547045951864 0.13347921225382925
0 0.19816739606126915 0.5656455142231945 0.0787746170678337 0.1378555798687089
0 0.282480853391685 0.62363238512035 0.10462253829321658 0.1750547045951861
0 0.35325492341356685 0.7603938730853392 0.11816192560175073 0.20787746170678345
0 0.22093818380743982 0.734135667396061 0.0800054704595186 0.14223194748358847
0 0.2627871991247263 0.8905908096280085 0.1193927789934352 0.20568927789934302
