0 0.4843408096280087 0.386214442013129 0.09723741794310717 0.1684901531728663
0 0.582809080962801 0.4365426695842453 0.11200765864332707 0.19474835886214437
0 0.5791165207877462 0.26914660831509846 0.07508205689277898 0.13566739606126904
0 0.6628145514223196 0.31838074398249455 0.1095459518599563 0.19474835886214423
0 0.7563594091903714 0.3293216630196936 0.07508205689277958 0.13785557986870906
0 0.8572893873085338 0.3763676148796501 0.07015864332604028 0.1356673960612692
0 0.8646745076586432 0.5065645514223199 0.06769693654266966 0.13785557986870908
0 0.8443654266958427 0.6520787746170672 0.09354485776805228 0.1663019693654266
0 0.8400574398249454 0.8271334792122537 0.10708424507658725 0.18818380743982524
0 0.7114332603938727 0.8533916849015316 0.1107768052516407 0.18818380743982469
0 0.771129649890589 0.7286652078774611 0.07508205689277907 0.1312910284463888
0 0.7545131291028444 0.5831509846827124 0.0960065645514236 0.16411378555798734
0 0.7895924507658646 0.44748358862144416 0.07015864332603956 0.13347921225382983
0 0.7058944201312909 0.4595185995623632 0.07508205689277876 0.13129102844638937
0 0.6511214442013133 0.5678336980306345 0.09354485776805221 0.16849015317286656
0 0.6997401531728662 0.6947483588621449 0.07508205689277893 0.12910284463894997
0 0.6117341356673961 0.7363238512035005 0.10831509846827131 0.19912472647702473
0 0.6228118161925607 0.8938730853391675 0.07631291028446374 0.12910284463894992
0 0.5348731797863961 0.8648305473089983 0.14816110430651938 0.2166533531866574
0 0.4911879114647008 0.7147215306646241 0.10301740374585094 0.14765145898672727
0 0.5434217724288846 0.6028446389496714 0.09477571115973811 0.16849015317286592
0 0.4723235877825492 0.5460993929403269 0.09395462130418963 0.14344576243563936
