0 0.5216545643153525 0.38381742738589203 0.09802904564315405 0.16597510373444022
0 0.6196836099585066 0.4315352697095436 0.109699170124481 0.195020746887967
0 0.6150155601659756 0.2697095435684648 0.07235477178423166 0.13278008298755178
0 0.6990404564315352 0.31846473029045635 0.10736514522821594 0.1929460580912863
0 0.7900674273858921 0.32572614107883807 0.07235477178423269 0.13692946058091285
0 0.8904304979253114 0.3744813278008299 0.06768672199170161 0.13485477178423252
0 0.8980160788381747 0.504149377593361 0.066519709543568 0.13692946058091288
0 0.8787603734439832 0.6493775933609954 0.0933609958506227 0.16597510373444002
0 0.874675829875519 0.8215767634854771 0.10619813278008303 0.18672199170124487
0 0.7474714730290447 0.8485477178423243 0.11086618257261437 0.18672199170124487
0 0.8058220954356824 0.7240663900414939 0.07352178423236565 0.13692946058091388
0 0.6599455394190861 0.8890041493775928 0.07352178423236468 0.12655601659751026
0 0.5715890768654703 0.861075877512888 0.13996251532443943 0.21801178872089197
0 0.6482754149377589 0.7313278008298744 0.10853215767634868 0.19709543568464652
0 0.7352178423236506 0.6908713692946057 0.07702282157676316 0.12863070539419036
0 0.7894839211618258 0.5778008298755188 0.09219398340248854 0.15975103734439844
0 0.8227437759336093 0.4460580912863069 0.06768672199170066 0.12863070539419075
0 0.7416364107883817 0.45643153526970975 0.07585580912863035 0.1327800829875519
0 0.6885373443983395 0.5653526970954352 0.091026970954357 0.16804979253112012
0 0.5805886929460582 0.5985477178423233 0.09452800829875503 0.16804979253112015
0 0.5114323538300675 0.5409984184120838 0.09565884677473818 0.15301937167697502
0 0.5293885104387409 0.7077085454660985 0.09712065421650153 0.1482553566070095
