0 0.3785382085483915 0.38739577925052676 0.0935366910484682 0.16504290993494816
0 0.47200833002473785 0.27879623125553554 0.07458368964358772 0.13450966618819274
0 0.5554650994105613 0.3255963106618209 0.10810898512659271 0.18912439300003023
0 0.6451300182481751 0.3419089576398009 0.07563591836423096 0.13344073542436513
0 0.35704482637510304 0.5393900986470386 0.07463522737684422 0.13166172922456718
0 0.4740118594050635 0.4386242861069538 0.11058709113398317 0.1929954494090335
0 0.5946831670127966 0.46857725315334575 0.07653782869620958 0.1334407354243653
0 0.6745344424762543 0.4593424548758509 0.07285717557951253 0.1321503832880308
0 0.7388127328742017 0.3891976911095504 0.07653782869620952 0.1310814525242037
0 0.4335654758268941 0.5977384479125308 0.09784438658644606 0.17029594111718416
0 0.5390911320740309 0.5716794429343678 0.09558961075649702 0.16918119903490825
0 0.6387457815410924 0.5896832910851173 0.09341214152643235 0.16869254497144529
0 0.7437195545612804 0.5175800934550897 0.07137976055950863 0.14074000549735888
0 0.7274465152857094 0.6623858534648625 0.09371277830375929 0.16606602938032633
0 0.6542672288733467 0.7360466359221816 0.07578623675289464 0.13134868521516063
0 0.584418568472651 0.6972368139755063 0.07653782869620968 0.1324176159789882
0 0.4964930481324254 0.7356457868857462 0.10873602754787236 0.19900436734569246
0 0.3753836697920167 0.7023982225208443 0.07400818495556287 0.1355327856335721
0 0.4099955524845001 0.8548392022722412 0.11163931985462511 0.20265400238218859
0 0.5094612302629568 0.8916447790367402 0.07944112100296259 0.13286045872400318
0 0.5957847860611429 0.8588209693674983 0.11078894725590169 0.18988027975445118
0 0.7249684092783184 0.8345638762483583 0.10808321625996438 0.19085758788137913
