0 0.2975230392755704 0.39356121919188813 0.09749221207586345 0.16472986592554106
0 0.3953244777509696 0.28311394801942386 0.07518496319824082 0.12792047155117112
0 0.4799945312738594 0.32966970039397736 0.10407615749931313 0.18818526097181038
0 0.5703487672937734 0.3425541337079683 0.07413273447759777 0.13312769141495892
0 0.6626549949607555 0.39324817518248173 0.07077848700485614 0.13446385486974308
0 0.6660844016278281 0.5196721436642957 0.0712294421708459 0.13495250893320718
0 0.6506252290565915 0.6659247778151056 0.09393610848120151 0.1646840546070916
0 0.648722627737226 0.8366330207983377 0.1077052728827533 0.18502427999877827
0 0.5810514365665944 0.7398527929633812 0.07506041367620592 0.13157010658766702
0 0.5632258230766878 0.5959365360535073 0.0925360000610819 0.166066029380325
0 0.59967803232752 0.4636601716397395 0.07265531945759408 0.13081421983324673
0 0.5190751649207462 0.4687337751580492 0.07283140671288518 0.12636288672388019
0 0.3981289894023148 0.4455456128027359 0.1083838530372903 0.19526310967229638
0 0.27691868300094663 0.5502053874110496 0.0735572297895731 0.13290627004245176
0 0.35648220612039244 0.6088438750267235 0.09428828299178468 0.16891396634395098
0 0.46285823496625234 0.5767759521119017 0.0943870636471919 0.16424121186207694
0 0.420423353846624 0.7431015789634426 0.1095606312799682 0.19815685795437163
0 0.508310220886907 0.7043795620437957 0.07678692774028041 0.13157010658766738
0 0.522380022065785 0.8626042207494733 0.10963364306874704 0.1857801667531988
0 0.43360412912683644 0.897898024005131 0.07543406224231161 0.13237180466053805
0 0.33431239119811873 0.8631386861313868 0.11123560761078688 0.19361390220810534
0 0.2966211289435908 0.7120567754939988 0.07841466114894773 0.1375790245243267
