0 0.46957056892778987 0.3862144420131291 0.09723741794310753 0.17286652078774598
0 0.5643462800875273 0.27024070021881824 0.07754376367614887 0.1378555798687091
0 0.5674234135667401 0.43763676148796476 0.11077680525164053 0.1969365426695841
0 0.6492751641137856 0.31838074398249455 0.1095459518599561 0.1903719912472649
0 0.7428200218818382 0.3293216630196936 0.07508205689277896 0.1378555798687089
0 0.8425191466083151 0.37746170678336965 0.07262035010940873 0.13347921225382933
0 0.850519693654267 0.5109409190371993 0.0689277899343548 0.12910284463894936
0 0.8295951859956238 0.6564551422319473 0.09600656455142213 0.1706783369803066
0 0.8277489059080959 0.8326039387308534 0.10954595185995665 0.1903719912472649
0 0.6972784463894969 0.8577680525164115 0.11200765864332612 0.18818380743982463
0 0.7575902625820571 0.7341356673960615 0.07754376367614882 0.12910284463894933
0 0.7397428884026255 0.5831509846827133 0.09600656455142235 0.16849015317286678
0 0.7748222100656453 0.4529540481400439 0.07262035010940958 0.13129102844638918
0 0.6911241794310719 0.4606126914660831 0.07754376367614942 0.13347921225382972
0 0.6855853391684902 0.6969365426695844 0.07877461706783413 0.1334792122538295
0 0.6068107221006565 0.8993435448577679 0.07631291028446409 0.1312910284463898
0 0.5957330415754926 0.7396061269146608 0.1107768052516413 0.19693654266958405
0 0.6375820568927787 0.5711159737417942 0.09354485776805234 0.16630196936542668
0 0.526805251641138 0.6061269146608315 0.09846827133479201 0.1663019693654271
0 0.4548791067362562 0.5479014151156981 0.09441204575130663 0.14029446689485353
0 0.47773265678525756 0.7196939725742374 0.11593787438378925 0.15390345948963982
0 0.5219772336769906 0.8728103453600988 0.16254383199592418 0.22273112093479994
