0 0.2095837167311934 0.39962499348947056 0.10542175211375221 0.1791003316029794
0 0.314282800048612 0.28049966145245586 0.08446435702008757 0.1416517647875833
0 0.4054586993697803 0.3306481015295401 0.11595416153058224 0.19993402663240684
0 0.49962537327036943 0.3441075365891767 0.0808949591138735 0.14372645358426347
0 0.5954107276167988 0.3943167416100975 0.08208150315109636 0.13539297557249283
0 0.602583703710133 0.5262287539714235 0.07736462438583974 0.1353756141599677
0 0.5836575938818387 0.677832948488688 0.09833178527404969 0.1707321307661588
0 0.5825735906873385 0.8545677876352019 0.1170137502387189 0.19777253077310458
0 0.4501323265160853 0.884945919199986 0.11598345891421741 0.1956283963263244
0 0.35661263650410574 0.9298381916352716 0.0772962638240244 0.13534089133491983
0 0.25122750611989814 0.8957099949651901 0.11821982586503205 0.20858001006961846
0 0.21011839398253435 0.7354684977169746 0.0808949591138735 0.13952499175332883
0 0.1883382306984495 0.5616547162277119 0.07965958610392546 0.1394902689282794
0 0.2748265486379971 0.6224109793572804 0.10442075817288482 0.17693883574367633
0 0.3429673800760431 0.7634507543533741 0.11827842063230315 0.20811125193145666
0 0.38889591182138594 0.5900796888834872 0.09945973454400298 0.17462108717165153
0 0.3148516575808609 0.4507326516085351 0.12051478758311768 0.20610600878487495
0 0.4454935741071899 0.4770482126425805 0.08081683275751372 0.14175593326273014
0 0.5301825444018126 0.4665879615965551 0.07614878296498244 0.13732877306897734
0 0.49311891265473384 0.6024670567197344 0.0983024878904139 0.1708362992413067
0 0.43600610470667883 0.7195524227851179 0.08070940901751769 0.13739821871907476
0 0.5089565899581593 0.7572440493758574 0.07859023160124294 0.1332835639507629
