0 0.5613329875518672 0.3807053941908714 0.09336099585062252 0.16390041493775936
0 0.6564445020746886 0.42946058091286304 0.11086618257261432 0.18672199170124476
0 0.6523599585062239 0.2676348547717842 0.07702282157676375 0.13278008298755203
0 0.734634336099585 0.3153526970954358 0.10853215767634902 0.19087136929460563
0 0.825661307053942 0.32676348547717843 0.07585580912863077 0.13485477178423227
0 0.8577541493775931 0.4439834024896261 0.06768672199170209 0.12863070539419122
0 0.9254408713692942 0.37344398340248974 0.06768672199170171 0.1327800829875518
0 0.932442946058091 0.5031120331950208 0.07002074688796661 0.1348547717842323
0 0.9126037344398341 0.6441908713692948 0.09336099585062296 0.16390041493775867
0 0.9079356846473027 0.8153526970954356 0.10736514522821658 0.19087136929460624
0 0.7818983402489624 0.8454356846473021 0.11203319502074742 0.18464730290456452
0 0.8414159751037349 0.720954356846473 0.07235477178423184 0.1307053941908715
0 0.695539419087136 0.8807053941908716 0.0723547717842324 0.12655601659751076
0 0.6015949170124482 0.8464730290456436 0.11320020746887971 0.1991701244813275
0 0.6856198132780074 0.725103734439834 0.108532157676349 0.19709543568464735
0 0.771978734439834 0.6856846473029047 0.07352178423236505 0.13070539419087143
0 0.8221602697095431 0.5757261410788381 0.09452800829875524 0.16390041493775961
0 0.7760632780082992 0.45124481327800825 0.07235477178423239 0.13070539419087165
0 0.7241312240663899 0.561203319502075 0.09452800829875528 0.1680497925311202
0 0.6173495850622405 0.595435684647303 0.09569502074688861 0.1618257261410785
0 0.5497293135758724 0.5338765599222665 0.08453482395847772 0.1454821687249202
0 0.5666746244517195 0.7018964439497918 0.08999332176877743 0.1412175262994407
