0 0.24124726477024072 0.3993435448577681 0.10339168490153172 0.17724288840262578
0 0.3107904814004377 0.2888402625820569 0.08000547045951861 0.14004376367614885
0 0.4344912472647699 0.3238512035010941 0.11570021881838058 0.20131291028446394
0 0.5286515317286654 0.3369803063457332 0.08000547045951861 0.14004376367614885
0 0.6326586433260396 0.3818380743982494 0.07631291028446394 0.13785557986870894
0 0.5643462800875274 0.4584245076586433 0.07754376367614882 0.13785557986870903
0 0.6394283369803063 0.5196936542669585 0.07508205689277901 0.1378555798687088
0 0.6178884026258208 0.6695842450765863 0.10092997811816208 0.17505470459518593
0 0.6172729759299785 0.8490153172866525 0.1144693654266961 0.19693654266958444
0 0.5440371991247265 0.7505470459518598 0.08123632385120348 0.13566739606126893
0 0.48434080962800885 0.8785557986870898 0.11939277899343549 0.19474835886214437
0 0.4689551422319475 0.7177242888402625 0.08123632385120348 0.14004376367614882
0 0.5249589715536104 0.5973741794310721 0.09969912472647707 0.1750547045951859
0 0.47695568927789933 0.46936542669584247 0.08000547045951857 0.13785557986870914
0 0.34648522975929963 0.44748358862144416 0.11939277899343531 0.20350109409190378
0 0.4203364332603938 0.5842450765864332 0.09969912472647699 0.17505470459518574
0 0.2190919037199125 0.5634573304157552 0.08123632385120348 0.13785557986870892
0 0.3040207877461707 0.6247264770240697 0.10092997811816191 0.17286652078774614
0 0.3914113785557988 0.9223194748358858 0.07877461706783381 0.1378555798687092
0 0.2412472647702407 0.7330415754923416 0.08123632385120352 0.14004376367614882
0 0.24493982494529543 0.8041575492341357 0.004923413566739612 0.006564551422319482
0 0.3766411378555802 0.7603938730853392 0.11816192560175075 0.20787746170678342
0 0.28494256017505476 0.8905908096280087 0.1193927789934354 0.2100656455142229
