0 0.3298687089715534 0.398249452954048 0.1009299781181618 0.175054704595186
0 0.4271061269146609 0.27899343544857763 0.07877461706783384 0.1422319474835885
0 0.5157275711159738 0.32494529540481387 0.11077680525164137 0.19474835886214428
0 0.6061952954048141 0.33698030634573306 0.07754376367614906 0.1400437636761488
0 0.7095869803063454 0.38293216630196936 0.07508205689277897 0.13566739606126912
0 0.716356673960613 0.5164113785557987 0.07385120350109411 0.14004376367614865
0 0.643120897155361 0.45951859956236313 0.07262035010940954 0.13129102844638968
0 0.6960475929978119 0.6663019693654266 0.09723741794310727 0.1684901531728665
0 0.6948167396061271 0.8402625820568927 0.10954595185995618 0.19256017505470435
0 0.5655771334792123 0.8698030634573304 0.11446936542669577 0.19037199124726473
0 0.6228118161925602 0.7417943107221008 0.0763129102844638 0.13566739606126912
0 0.6061952954048142 0.5951859956236322 0.09723741794310752 0.17067833698030635
0 0.5581920131291028 0.4660831509846827 0.07754376367614867 0.1356673960612692
0 0.5495760393873086 0.707877461706783 0.07754376367614878 0.13347921225382925
0 0.5028036105032823 0.5798687089715535 0.09723741794310727 0.1706783369803066
0 0.4307986870897156 0.4452954048140043 0.1157002188183808 0.1991247264770241
0 0.3089442013129104 0.5590809628008752 0.0787746170678337 0.13347921225382933
0 0.38956509846827136 0.6159737417943106 0.09723741794310707 0.1728665207877462
0 0.4597237417943108 0.7505470459518598 0.11446936542669556 0.20131291028446444
0 0.4744939824945296 0.911378555798687 0.08000547045951861 0.13347921225382933
0 0.37171772428884026 0.8774617067833698 0.11570021881838068 0.20568927789934344
0 0.32863785557986874 0.7253829321663021 0.07877461706783367 0.137855579868709
