0 0.44310722100656447 0.37964989059080956 0.09600656455142233 0.1641137855579868
0 0.536652078774617 0.27242888402625826 0.07631291028446383 0.12910284463894978
0 0.6185038293216628 0.32385120350109403 0.10708424507658627 0.18380743982494527
0 0.709586980306345 0.34026258205689275 0.0750820568927789 0.13347921225382933
0 0.795746717724289 0.39277899343544825 0.0750820568927792 0.12910284463894942
0 0.7988238512035012 0.5207877461706784 0.06892778993435457 0.1312910284463895
0 0.7815919037199126 0.661925601750547 0.09354485776805216 0.1641137855579868
0 0.7742067833698024 0.8315098468271335 0.1083150984682714 0.1838074398249451
0 0.7083561269146605 0.7319474835886214 0.07508205689277905 0.12472647702406985
0 0.7323577680525167 0.45842450765864307 0.07385120350109456 0.1291028446389497
0 0.6535831509846826 0.46498905908096266 0.07385120350109411 0.12472647702407016
0 0.6954321663019691 0.5875273522975928 0.09354485776805255 0.1597374179431072
0 0.6406591903719915 0.6914660831509846 0.07508205689277873 0.1225382932166303
0 0.6492751641137856 0.8457330415754923 0.10954595185995616 0.18161925601750528
0 0.5618845733041578 0.8763676148796499 0.07508205689277908 0.1247264770240701
0 0.5354212253829322 0.42997811816192566 0.1083150984682714 0.18599562363238523
0 0.5975793216630196 0.5645514223194747 0.09231400437636755 0.16192560175054713
0 0.5538840262582057 0.724288840262582 0.10831509846827121 0.19256017505470469
0 0.420951859956236 0.5240700218818379 0.07631291028446387 0.12472647702406996
0 0.49541849015317274 0.5842450765864331 0.09477571115973701 0.16192560175054704
0 0.4344912472647704 0.6859956236323851 0.07385120350109392 0.12910284463894947
0 0.468339715536105 0.8347921225382929 0.10954595185995622 0.19037199124726478
