0 0.416643873085339 0.38949671772428884 0.09969912472647742 0.17067833698030604
0 0.5120350109409192 0.27571115973741805 0.07631291028446362 0.1356673960612691
0 0.5975793216630199 0.3216630196936543 0.11200765864332549 0.19256017505470452
0 0.6905087527352296 0.3336980306345734 0.07631291028446398 0.1378555798687089
0 0.7908233041575492 0.3774617067833698 0.07262035010940979 0.137855579868709
0 0.7975929978118163 0.5098468271334792 0.06892778993435482 0.14004376367614857
0 0.7243572210065653 0.45404814004376354 0.07262035010940927 0.1334792122538294
0 0.4046376283798375 0.5582011889099551 0.11250606097882042 0.15141455214293884
0 0.4233329944909397 0.7223619879263877 0.11102722433212713 0.15338187216108623
0 0.45787746170678373 0.8676148796498896 0.1132385120350109 0.20350109409190467
0 0.5557303063457326 0.9015317286652084 0.0775437636761491 0.13129102844638893
0 0.5434217724288842 0.7428884026258206 0.11200765864332599 0.20350109409190353
0 0.4757248358862146 0.6094091903719908 0.09723741794310672 0.17286652078774623
0 0.5157275711159733 0.43982494529540467 0.11570021881838118 0.20131291028446374
0 0.6400437636761486 0.462800875273523 0.076312910284464 0.1334792122538295
0 0.5852707877461709 0.573304157549234 0.09477571115973743 0.17067833698030602
0 0.68804704595186 0.588621444201313 0.09600656455142281 0.16630196936542668
0 0.7778993435448568 0.6586433260393869 0.09354485776805296 0.16630196936542693
0 0.6326586433260394 0.701312910284463 0.07631291028446395 0.13347921225382986
0 0.6468134573304156 0.8610503282275704 0.11200765864332517 0.1947483588621443
0 0.7052789934354486 0.7363238512035005 0.07631291028446431 0.1334792122538296
0 0.7754376367614881 0.8326039387308533 0.10831509846827168 0.19037199124726512
