0 0.20678336980306347 0.40262582056892776 0.10585339168490154 0.17943107221006577
0 0.2769420131291029 0.28993435448577665 0.08123632385120345 0.14660831509846817
0 0.4024890590809628 0.3260393873085339 0.1157002188183807 0.20131291028446385
0 0.49726477024070026 0.3391684901531727 0.0787746170678337 0.1444201312910282
0 0.6018873085339159 0.38512035010940915 0.07877461706783355 0.14004376367614868
0 0.6080415754923415 0.5229759299781181 0.07631291028446391 0.14004376367614882
0 0.5852707877461708 0.673960612691466 0.09969912472647696 0.17067833698030632
0 0.5865016411378552 0.8544857768052526 0.11693107221006543 0.19912472647702317
0 0.510804157549234 0.7571115973741794 0.08123632385120348 0.13566739606126935
0 0.5323440919037199 0.4628008752735228 0.0800054704595186 0.13785557986870886
0 0.44495350109409193 0.47155361050328226 0.08000547045951864 0.13785557986870908
0 0.49295678336980303 0.599562363238512 0.09969912472647699 0.17505470459518593
0 0.4363375273522976 0.7199124726477022 0.0824671772428883 0.14004376367614865
0 0.4529540481400437 0.8840262582056887 0.11816192560175037 0.19693654266958427
0 0.3581783369803063 0.9256017505470462 0.08123632385120348 0.13566739606126946
0 0.38771881838074407 0.5875273522975928 0.10092997811816204 0.17286652078774623
0 0.31325218818380746 0.4485776805251642 0.11939277899343534 0.20568927789934358
0 0.1852434354485777 0.5667396061269148 0.08000547045951854 0.1356673960612692
0 0.2701723194748359 0.6258205689277899 0.10462253829321667 0.17505470459518602
0 0.20986050328227562 0.7374179431072213 0.08246717724288839 0.14442013129102835
0 0.25047866520787754 0.894967177242888 0.11939277899343546 0.2056892778993435
0 0.3421772428884022 0.7636761487964969 0.11816192560175003 0.20568927789934327
