0 0.2294864060139934 0.3995381864268478 0.10549011267556739 0.1750551224847653
0 0.3341708406395941 0.2783034427681034 0.08438623066372647 0.1416864876126323
0 0.4236352844667442 0.3304137224604595 0.11239452941891345 0.19562839632632525
0 0.5154288702928872 0.34307019219083656 0.07974747825483057 0.1416517647875833
0 0.6159555178909356 0.3911613048837652 0.07851210524488184 0.13741558013159957
0 0.6184311468081047 0.5271445684820918 0.07377569489053638 0.13758919425684515
0 0.6019367198215246 0.67568881404191 0.09707688067501134 0.17076685359120694
0 0.600759941578847 0.8535130818243372 0.11355177607250058 0.19594090175176604
0 0.46894124680983923 0.8817557596486034 0.11592486414694672 0.19761627806038365
0 0.37714766098369706 0.9236228059514922 0.08078753537387823 0.13521936144724692
0 0.27005107510547055 0.8900892376603761 0.11807333894685695 0.20581086477195765
0 0.3619569675688815 0.7593881838226351 0.11585650358513205 0.20825014323165314
0 0.45543759440268033 0.7154377680168055 0.07969864928210539 0.14151287348738692
0 0.5278143392246393 0.754114654768312 0.07857070001215331 0.1353235299223949
0 0.5113199122380595 0.6015078386777553 0.09724289918227708 0.1727547353252654
0 0.5478049206583443 0.4664924738276705 0.07373663171235503 0.1333009253632875
0 0.46478345978228786 0.47478254830813027 0.07973771246028534 0.13317939547561533
0 0.40652317097519003 0.5878400666678242 0.0995476266949085 0.17111408184169832
0 0.2930226653240511 0.6222634073508216 0.10093925241757672 0.17287626521293775
0 0.23122715889164724 0.7322349346342812 0.08084613014114826 0.14173857185020508
0 0.2088537235889509 0.5618109689404328 0.08087542752478365 0.13952499175332927
0 0.33481294163093084 0.4520304171947426 0.11842490755047852 0.20378826021285115
