0 0.3458698030634572 0.37636761487964987 0.10092997811816201 0.17067833698030643
0 0.443722647702407 0.2669584245076588 0.0775437636761488 0.13566739606126924
0 0.5274206783369805 0.3216630196936541 0.10708424507658662 0.18818380743982466
0 0.618503829321663 0.33916849015317274 0.07508205689277886 0.13566739606126915
0 0.7046635667396061 0.39387308533916865 0.0726203501094092 0.13129102844638948
0 0.7083561269146617 0.5218818380743984 0.07015864332603931 0.1291028446389492
0 0.6418900437636759 0.45842450765864334 0.07262035010940913 0.12910284463894972
0 0.6917396061269144 0.6630196936542666 0.09354485776805228 0.16192560175054718
0 0.6849699124726476 0.8336980306345733 0.10708424507658647 0.18380743982494552
0 0.6178884026258209 0.7363238512035004 0.07385120350109407 0.12472647702407016
0 0.6055798687089718 0.5897155361050327 0.09354485776805277 0.15973741794310709
0 0.5631154266958427 0.46280087527352287 0.07508205689277891 0.12910284463894986
0 0.4431072210065646 0.42888402625820576 0.11323851203501087 0.19256017505470444
0 0.5058807439824944 0.5689277899343541 0.09354485776805258 0.16192560175054693
0 0.5501914660831511 0.6947483588621444 0.0763129102844638 0.12910284463894953
0 0.5594228665207877 0.8533916849015319 0.10954595185995605 0.1838074398249459
0 0.401258205689278 0.5897155361050328 0.09600656455142226 0.16411378555798695
0 0.3243298687089715 0.5284463894967177 0.07508205689277901 0.1291028446389498
0 0.4708014223194749 0.8840262582056897 0.07508205689277903 0.13129102844638957
0 0.46218544857768057 0.7319474835886213 0.11200765864332637 0.1947483588621443
0 0.33910010940919016 0.6925601750547042 0.07754376367614874 0.1334792122538294
0 0.37417943107220997 0.8468271334792119 0.11323851203501087 0.19693654266958466
