0 0.3803336980306344 0.39496717724288843 0.09846827133479234 0.17286652078774634
0 0.47572483588621467 0.274617067833698 0.08000547045951864 0.13785557986870906
0 0.5624999999999998 0.3238512035010941 0.11323851203501122 0.19256017505470452
0 0.6548140043763675 0.3358862144420131 0.07631291028446449 0.13785557986870886
0 0.7569748358862146 0.38074398249452956 0.07138949671772434 0.13566739606126893
0 0.6886624726477028 0.4540481400437635 0.07015864332603902 0.13347921225382905
0 0.7631291028446369 0.5131291028446384 0.07138949671772452 0.13785557986870875
0 0.7428200218818384 0.6630196936542667 0.09723741794310739 0.17067833698030627
0 0.7403583150984684 0.8369803063457322 0.11200765864332694 0.1903719912472647
0 0.6105032822757112 0.8643326039387316 0.11323851203501074 0.19256017505470444
0 0.5218818380743988 0.9026258205689275 0.07631291028446335 0.1334792122538306
0 0.42156728665207893 0.87089715536105 0.11446936542669633 0.2056892778993436
0 0.3878896739034192 0.7267383555412666 0.1121766084296911 0.15760460938909715
0 0.3640862260407318 0.5534988250889399 0.09533176489246448 0.1409378313595836
0 0.43941466083151004 0.6115973741794312 0.0984682713347925 0.1684901531728659
0 0.47941739606126915 0.4420131291028444 0.11200765864332593 0.20131291028446407
0 0.6061952954048138 0.46608315098468295 0.07508205689277914 0.13566739606126924
0 0.5508068927789935 0.5754923413566739 0.09477571115973724 0.17067833698030635
0 0.5083424507658644 0.7450765864332598 0.11323851203501127 0.19912472647702434
0 0.5981947483588623 0.703501094091904 0.07877461706783381 0.12910284463894942
0 0.6695842450765856 0.7385120350109413 0.07631291028446521 0.13785557986870964
0 0.6517368708971552 0.5908096280087521 0.09477571115973765 0.16630196936542685
