0 0.4701186131386861 0.3868613138686132 0.09238138686131382 0.1642335766423358
0 0.5630132299270071 0.27919708029197077 0.07287864963503628 0.12773722627737222
0 0.6430770985401455 0.32481751824817523 0.10777828467153278 0.18248175182481752
0 0.7334055656934304 0.34032846715328474 0.07493156934306565 0.13321167883211696
0 0.822194343065693 0.3895985401459855 0.06979927007299262 0.12956204379562047
0 0.8283531021897811 0.5145985401459854 0.06979927007299278 0.1277372262773721
0 0.8124429744525549 0.6541970802919707 0.09135492700729879 0.1624087591240876
0 0.8073106751824816 0.8220802919708029 0.10572536496350345 0.18065693430656954
0 0.7411040145985391 0.7281021897810218 0.07185218978102186 0.12408759124087627
0 0.7595802919708028 0.45620437956204385 0.06979927007299266 0.12408759124087601
0 0.6810561131386857 0.4635036496350364 0.07287864963503661 0.12408759124087576
0 0.7246806569343065 0.583941605839416 0.09238138686131393 0.16058394160583955
0 0.6723312043795617 0.6897810218978102 0.073905109489051 0.12408759124087573
0 0.6836222627737224 0.8430656934306568 0.10880474452554736 0.17883211678832103
0 0.5968864051094883 0.8777372262773716 0.07493156934306511 0.12408759124087576
0 0.4511291058394161 0.5328467153284671 0.07287864963503639 0.1277372262773721
0 0.4665260036496351 0.6934306569343065 0.0728786496350366 0.1313868613138687
0 0.5640396897810217 0.4361313868613135 0.10572536496350365 0.18978102189781018
0 0.6276802007299268 0.5666058394160585 0.08930200729927015 0.15875912408759116
0 0.5250342153284673 0.5939781021897812 0.09340784671532845 0.1624087591240876
0 0.5881614963503646 0.7271897810218981 0.10675182481751913 0.18795620437956162
0 0.5034785583941607 0.8412408759124088 0.10777828467153265 0.18978102189781032
