0 0.2566329321663019 0.4004376367614881 0.1070842450765864 0.17943107221006577
0 0.3255607221006565 0.28665207877461707 0.08000547045951864 0.1444201312910285
0 0.4486460612691466 0.32166301969365413 0.1144693654266959 0.20131291028446377
0 0.5421909190371992 0.33698030634573295 0.0800054704595186 0.1400437636761488
0 0.6468134573304158 0.38183807439824946 0.07508205689277907 0.137855579868709
0 0.6523522975929977 0.5175054704595186 0.07631291028446384 0.1422319474835888
0 0.5772702407002192 0.458424507658643 0.07631291028446395 0.13785557986870914
0 0.4923413566739606 0.46608315098468267 0.07877461706783369 0.13566739606126926
0 0.5397292122538293 0.5962800875273522 0.09969912472647696 0.17286652078774625
0 0.6308123632385123 0.6663019693654267 0.09969912472647727 0.1728665207877459
0 0.5575765864332602 0.7461706783369801 0.07877461706783358 0.1400437636761485
0 0.6308123632385122 0.8468271334792122 0.1144693654266959 0.19693654266958427
0 0.4991110503282276 0.8763676148796499 0.11693107221006566 0.1947483588621444
0 0.4061816192560176 0.9190371991247264 0.0787746170678337 0.13566739606126912
0 0.3015590809628009 0.8862144420131295 0.11816192560175053 0.20568927789934383
0 0.48372538293216616 0.7166301969365427 0.07877461706783362 0.13785557986870917
0 0.3618708971553612 0.44420131291028453 0.11816192560175058 0.2056892778993436
0 0.43572210065645506 0.5831509846827134 0.09846827133479201 0.17286652078774595
0 0.3914113785557987 0.7582056892778987 0.1157002188183807 0.2035010940919034
0 0.23570842450765872 0.562363238512035 0.07754376367614886 0.13566739606126949
0 0.319406455142232 0.6214442013129104 0.10216083150984683 0.17505470459518593
0 0.2584792122538294 0.7319474835886216 0.08123632385120348 0.13785557986870886
