0 0.2990973741794312 0.4026258205689278 0.10585339168490165 0.17505470459518638
0 0.4000273522975928 0.2811816192560175 0.08123632385120336 0.13785557986870903
0 0.4880333698030635 0.3271334792122538 0.11200765864332612 0.1947483588621443
0 0.5803473741794314 0.3413566739606127 0.07754376367614883 0.1400437636761488
0 0.6837390590809619 0.38512035010940904 0.07508205689277896 0.13566739606126899
0 0.6160421225382935 0.4617067833698031 0.0750820568927791 0.13566739606126915
0 0.6898933260393868 0.5185995623632383 0.07508205689277817 0.1400437636761492
0 0.5304978118161927 0.46936542669584247 0.07877461706783374 0.13785557986870886
0 0.5778856673960613 0.5973741794310721 0.0972374179431069 0.17067833698030604
0 0.6695842450765863 0.6684901531728664 0.09600656455142217 0.1728665207877462
0 0.668968818380744 0.844638949671772 0.11200765864332593 0.19256017505470469
0 0.403104485776805 0.4485776805251639 0.11693107221006564 0.20568927789934366
0 0.4751094091903721 0.5820568927789934 0.09846827133479218 0.1706783369803063
0 0.5963484682713347 0.7472647702407 0.07754376367614865 0.1378555798687089
0 0.5378829321663019 0.8741794310722101 0.11570021881838077 0.1947483588621443
0 0.44679978118161917 0.9168490153172866 0.0787746170678337 0.13566739606126915
0 0.34340809628008784 0.884026258205689 0.11816192560175066 0.20568927789934302
0 0.4320295404814004 0.7560175054704592 0.11570021881838041 0.20350109409190406
0 0.5224972647702405 0.7133479212253829 0.08000547045951897 0.1400437636761485
0 0.3612554704595188 0.6214442013129102 0.10216083150984683 0.1706783369803061
0 0.27940371991247265 0.5623632385120348 0.08123632385120351 0.1356673960612691
0 0.30032822757111605 0.7308533916849015 0.08123632385120344 0.14004376367614882
