0 0.5228215767634858 0.3817427385892112 0.09802904564315341 0.16597510373443977
0 0.6208506224066389 0.4325726141078836 0.10969917012448191 0.19294605809128604
0 0.616182572614108 0.27074688796680507 0.07468879668049748 0.1348547717842324
0 0.6984569502074688 0.3174273858921161 0.11086618257261377 0.19087136929460577
0 0.790067427385891 0.32780082987551873 0.07702282157676477 0.1369294605809129
0 0.887512966804978 0.3755186721991703 0.0665197095435687 0.13278008298755176
0 0.8968490663900408 0.5062240663900412 0.06885373443983386 0.12863070539419078
0 0.8770098547717825 0.6473029045643147 0.0921939834024892 0.1659751037344399
0 0.8729253112033197 0.8184647302904564 0.107365145228216 0.1929460580912866
0 0.7463044605809128 0.8495850622406642 0.1108661825726147 0.1887966804979246
0 0.6593620331950202 0.8869294605809128 0.07468879668049892 0.13070539419087185
0 0.5648340248962656 0.853734439834025 0.11436721991701328 0.20124481327800772
0 0.6482754149377594 0.728215767634855 0.10853215767634904 0.19917012448132798
0 0.7340508298755188 0.6908713692946055 0.07468879668049823 0.1286307053941915
0 0.8046550829875527 0.7219917012448128 0.07352178423236541 0.1327800829875525
0 0.7877334024896243 0.5778008298755186 0.09336099585062366 0.1680497925311203
0 0.8221602697095439 0.44502074688796656 0.06885373443983414 0.13070539419087118
0 0.7393023858921165 0.45539419087136934 0.07118775933609926 0.13070539419087165
0 0.6879538381742739 0.5643153526970961 0.09219398340248981 0.17012448132780175
0 0.5817557053941907 0.595435684647303 0.09686203319502082 0.17427385892116176
0 0.5064834024896263 0.5383817427385891 0.07468879668049853 0.1307053941908715
0 0.5228215767634853 0.7022821576763486 0.07468879668049824 0.13900414937759376
