0 0.1729584854014599 0.4009482942919096 0.10557934138594507 0.17487707296216018
0 0.2788964435146443 0.2850494762239256 0.08071667990104733 0.13437223223284375
0 0.36718487539321365 0.3370796811532233 0.11394133860672515 0.19730934856305168
0 0.4567875194698106 0.3476277372262772 0.07663660935161677 0.1401597287969951
0 0.5494308898085086 0.398989860428183 0.07781338759429467 0.1354411629966711
0 0.4863787679809427 0.4688673915035276 0.07899016583697327 0.13383776685093027
0 0.4036242002107317 0.476655315639984 0.08116763506703735 0.13651009376049839
0 0.27713127615062794 0.4509742540390312 0.11924972513208906 0.20718932290871256
0 0.23477155422533053 0.6180786733042172 0.10192445713587622 0.17064716122529902
0 0.15339347341416482 0.5569701921021285 0.07841466114894782 0.13441804355129305
0 0.34517826329291773 0.5863008887395782 0.09866899031854123 0.16806645695263137
0 0.447723320633418 0.6014338942674766 0.0982180351525521 0.17331948813486892
0 0.5535990039855847 0.5285060929053541 0.07503464480957811 0.13392938948782918
0 0.5371133715603333 0.6764728338881593 0.10074767889319808 0.17118162660721317
0 0.4649991983019271 0.7545849494548446 0.07929080261429917 0.13495250893320715
0 0.39120575390159723 0.7141717313624283 0.07936810921418348 0.14278624438811444
0 0.3005143752099687 0.7559860122774335 0.11584393992609121 0.2008673609626487
0 0.1736220337171304 0.7234065296399236 0.0792650337476712 0.1419387349967927
0 0.21063686322267355 0.8801843142045622 0.1169949493021411 0.2022493357358826
0 0.3146099452554745 0.9163256268515405 0.08034303133494201 0.1378004458968333
0 0.4072296941330974 0.877981553309104 0.11692193751336159 0.19312524814464177
0 0.5346846558806461 0.8532129004672754 0.11441806263934282 0.19219375133616431
