0 0.14954868708971547 0.37527352297592986 0.10216083150984677 0.1684901531728665
0 0.2535557986870898 0.25273522975929974 0.0787746170678337 0.13785557986870883
0 0.3427926695842453 0.31181619256017507 0.11200765864332597 0.19037199124726484
0 0.43387582056892776 0.3216630196936542 0.07754376367614864 0.1356673960612693
0 0.5064961706783372 0.3884026258205689 0.07754376367614882 0.13347921225382933
0 0.44372264770240705 0.4507658643326039 0.07508205689277894 0.1312910284463894
0 0.5083424507658646 0.5185995623632386 0.07631291028446395 0.13129102844638943
0 0.3704868708971551 0.46170678336980303 0.07631291028446381 0.135667396061269
0 0.25232494529540483 0.41466083150984656 0.11816192560175054 0.19912472647702406
0 0.42341356673960595 0.7385120350109408 0.07631291028446387 0.13347921225382925
0 0.4123358862144421 0.5897155361050328 0.0960065645514223 0.16411378555798695
0 0.4972647702407002 0.6663019693654266 0.09600656455142235 0.16849015317286628
0 0.4923413566739606 0.8380743982494531 0.113238512035011 0.18818380743982485
0 0.36371717724288843 0.8566739606126912 0.11446936542669586 0.19037199124726414
0 0.3532549234135666 0.6925601750547047 0.07877461706783336 0.13347921225382944
0 0.3101750547045951 0.5645514223194749 0.09846827133479213 0.16630196936542693
0 0.20678336980306344 0.5798687089715538 0.10092997811816196 0.1706783369803063
0 0.12123905908096282 0.5350109409190372 0.07754376367614882 0.12910284463894972
0 0.13600929978118168 0.6925601750547048 0.0775437636761488 0.13785557986870867
0 0.27201859956236324 0.8905908096280086 0.07877461706783365 0.13129102844638962
0 0.26155634573304154 0.7308533916849014 0.11446936542669568 0.1969365426695842
0 0.16924234135667382 0.8479212253829316 0.11446936542669577 0.19912472647702406
