0 0.2904814004376368 0.37417943107221013 0.10092997811816201 0.17067833698030635
0 0.39079595185995614 0.2691466083150984 0.07754376367614858 0.13566739606126912
0 0.47572483588621467 0.3216630196936542 0.10954595185995618 0.1881838074398248
0 0.5655771334792123 0.336980306345733 0.07754376367614893 0.13129102844638946
0 0.6541985776805254 0.39277899343544836 0.07508205689277897 0.1291028446389493
0 0.6578911378555801 0.5207877461706779 0.0726203501094091 0.13129102844638918
0 0.6400437636761488 0.6663019693654264 0.09354485776805242 0.16411378555798728
0 0.6338894967177241 0.8369803063457324 0.10831509846827174 0.18599562363238595
0 0.5661925601750551 0.7374179431072213 0.07385120350109399 0.12691466083150993
0 0.5895787746170676 0.4584245076586433 0.07138949671772434 0.12910284463894967
0 0.5101887308533917 0.46389496717724277 0.07508205689277876 0.13129102844638954
0 0.5544994529540483 0.5897155361050329 0.09477571115973754 0.15973741794310756
0 0.4972647702407004 0.6958424507658644 0.07631291028446398 0.13129102844638948
0 0.5071115973741794 0.8555798687089711 0.11077680525164119 0.18380743982494527
0 0.4184901531728665 0.8916849015317289 0.0763129102844639 0.12910284463894953
0 0.45356947483588606 0.5678336980306345 0.09477571115973754 0.16411378555798714
0 0.38956509846827136 0.4299781181619256 0.11200765864332593 0.19474835886214467
0 0.2677106126914661 0.5284463894967181 0.07754376367614894 0.12910284463894983
0 0.3458698030634572 0.5908096280087526 0.09846827133479209 0.16630196936542657
0 0.408027899343545 0.7341356673960611 0.11200765864332615 0.19474835886214453
0 0.2830962800875275 0.6958424507658638 0.07877461706783369 0.13566739606126887
0 0.31817560175054693 0.8501094091903721 0.11446936542669577 0.19912472647702414
