0 0.31159232365145245 0.39730290456431516 0.10269709543568491 0.1763485477178427
0 0.4102048755186722 0.2769709543568467 0.07818983402489632 0.13485477178423275
0 0.4977308091286301 0.3267634854771782 0.11086618257261335 0.1970954356846471
0 0.5893412863070541 0.3402489626556017 0.07702282157676354 0.13692946058091351
0 0.6891208506224042 0.3890041493775937 0.07118775933609935 0.1307053941908716
0 0.6932053941908716 0.5186721991701244 0.07235477178423226 0.13692946058091285
0 0.6757002074688798 0.6659751037344392 0.0933609958506226 0.17012448132780061
0 0.67394968879668 0.8412863070539417 0.11086618257261364 0.1929460580912856
0 0.5444113070539405 0.8713692946058095 0.11553423236514487 0.19502074688796653
0 0.4551348547717842 0.9118257261410798 0.07702282157676366 0.13485477178423216
0 0.35302126556016555 0.8786307053941903 0.11553423236514547 0.20539419087137056
0 0.4417142116182571 0.7531120331950204 0.11320020746887999 0.20331950207468896
0 0.5309906639004154 0.7064315352697078 0.0770228215767633 0.1348547717842322
0 0.6027619294605815 0.741701244813278 0.0781898340248962 0.13070539419087152
0 0.5864237551867226 0.5954356846473027 0.09686203319502043 0.17427385892116176
0 0.6226011410788362 0.4595435684647309 0.07352178423236451 0.13070539419087152
0 0.5391597510373445 0.4699170124481325 0.07702282157676349 0.13485477178423258
0 0.41487292531120323 0.4439834024896259 0.11320020746887968 0.2033195020746884
0 0.37402748962655635 0.613070539419087 0.09919605809128657 0.17219917012448072
0 0.29175311203319454 0.554979253112033 0.07935684647302906 0.13485477178423202
0 0.3115923236514523 0.7219917012448132 0.0793568464730291 0.1369294605809134
0 0.4837266597510376 0.5788381742738582 0.09686203319502038 0.1701244813278003
