0 0.3977531934306567 0.3886861313868612 0.09546076642335737 0.16788321167883236
0 0.49116104014598533 0.27919708029197077 0.07698448905109492 0.13138686131386848
0 0.49218749999999994 0.4361313868613139 0.10983120437956263 0.1970802919708027
0 0.5583941605839416 0.5739051094890509 0.09443430656934301 0.16970802919708042
0 0.45369525547445216 0.5985401459854012 0.09443430656934326 0.16423357664233693
0 0.3777372262773724 0.5401459854014593 0.07390510948905062 0.1277372262773733
0 0.39364735401459816 0.7034671532846712 0.07493156934306569 0.1368613138686131
0 0.5163093065693429 0.7335766423357662 0.10880474452554743 0.1970802919708014
0 0.4311131386861314 0.8531021897810226 0.10880474452554686 0.19525547445255526
0 0.528113594890511 0.8895985401459855 0.07698448905109481 0.13321167883211643
0 0.6158759124087588 0.8549270072992695 0.11085766423357685 0.1879562043795609
0 0.6025319343065693 0.695255474452555 0.0759580291970806 0.13503649635036555
0 0.5748175182481754 0.3257299270072991 0.10880474452554748 0.1916058394160587
0 0.6656592153284668 0.3394160583941605 0.07698448905109487 0.1350364963503645
0 0.7565009124087588 0.38959854014598533 0.07595802919708049 0.13321167883211613
0 0.6133097627737224 0.4662408759124086 0.07287864963503597 0.12956204379562028
0 0.6928604014598538 0.45894160583941584 0.07390510948905113 0.13321167883211632
0 0.6574475364963506 0.5894160583941603 0.09340784671532874 0.16423357664233573
0 0.761119981751825 0.5173357664233573 0.07082572992700757 0.13321167883211693
0 0.7452098540145987 0.664233576642336 0.09443430656934358 0.1678832116788321
0 0.74110401459854 0.8330291970802918 0.10880474452554662 0.1879562043795631
0 0.6723312043795621 0.7354014598540143 0.0759580291970795 0.13138686131386945
0 0.4054516423357664 0.5748175182481752 0.024635036496350366 0.0510948905109489
