0 0.05281329215404815 0.40907216809699776 0.1056265843080963 0.17696912317136462
0 0.16562294803469438 0.2880539351922549 0.08324632364169443 0.14519133860672534
0 0.25933143152734933 0.3380379012307974 0.11729558607946736 0.1954845310448036
0 0.34996053545796024 0.3508994288855633 0.07768883807225972 0.14251901169715656
0 0.4464842676297229 0.40177289802400473 0.08372304767431216 0.13833491127874636
0 0.3824314548147696 0.476544604953731 0.07658507161836128 0.13663989249610617
0 0.29731044612588947 0.4837331643404697 0.08174313975506217 0.13909079803316743
0 0.16304391396634388 0.4571625996396178 0.12185238066151541 0.20799102098158356
0 0.4523058840820935 0.5362520233332319 0.07643475322969784 0.1382890999602968
0 0.4322770324954945 0.6884677641022516 0.09836835354121531 0.17638884647100178
0 0.3430630688238709 0.6109130195767031 0.09909417661790307 0.1756329597165805
0 0.2377006153987113 0.5971161775035887 0.1012716458479675 0.17456402895275322
0 0.12032128050270284 0.6286725406957211 0.10204900665791163 0.17616742509849315
0 0.03873060654185626 0.5690758330024738 0.07540829337568333 0.1460770240967533
0 0.057844663363161575 0.7408988180679842 0.0776888380722597 0.14247320037870753
0 0.28396646802369985 0.7303507619949299 0.0793380455364506 0.13223437070518937
0 0.18755440094065903 0.7709624958006289 0.11799564028952748 0.2073191216443204
0 0.09616296803897009 0.899745747182604 0.11641944461411584 0.2005085056347921
0 0.3584857355007179 0.7669349173869222 0.08021418700180152 0.13828909996029634
0 0.4309628202974682 0.8691476040680455 0.11742013560150207 0.19984424151727012
0 0.2995007997892681 0.8949813700638307 0.11957183596493923 0.1954387197263534
0 0.20538001443056542 0.9331040222337595 0.07853921067098339 0.13379195553248036
