0 0.3261761487964989 0.37308533916848996 0.10092997811816189 0.16849015317286647
0 0.425875273522976 0.2680525164113786 0.07877461706783374 0.13347921225382933
0 0.5089578774617068 0.3216630196936543 0.10954595185995618 0.18818380743982488
0 0.6006564551422322 0.33916849015317285 0.07631291028446377 0.1356673960612692
0 0.6874316192560173 0.39387308533916865 0.07262035010940947 0.1312910284463894
0 0.6917396061269143 0.5207877461706782 0.07385120350109398 0.131291028446389
0 0.6240426695842451 0.4584245076586435 0.07138949671772427 0.13347921225382914
0 0.6738922319474835 0.6663019693654266 0.09477571115973743 0.1641137855579869
0 0.6671225382932165 0.8369803063457327 0.10831509846827139 0.18599562363238514
0 0.5871170678336979 0.5897155361050327 0.0935448577680527 0.16411378555798684
0 0.5440371991247261 0.4660831509846827 0.07385120350109448 0.13129102844638954
0 0.6000410284463894 0.737417943107221 0.07508205689277914 0.12691466083150985
0 0.5311132385120352 0.6969365426695844 0.07262035010940918 0.12910284463894958
0 0.5409600656455141 0.8566739606126914 0.11200765864332593 0.18599562363238498
0 0.4234135667396062 0.4277899343544857 0.11077680525164098 0.19474835886214423
0 0.4874179431072212 0.5689277899343544 0.0935448577680524 0.16630196936542677
0 0.30463621444201316 0.5284463894967176 0.07508205689277905 0.1291028446389497
0 0.38156455142231943 0.5908096280087525 0.09600656455142233 0.16630196936542657
0 0.3200218818380744 0.6925601750547038 0.07631291028446387 0.13785557986870903
0 0.45233862144420134 0.8862144420131295 0.07508205689277898 0.12691466083150985
0 0.44310722100656447 0.7319474835886208 0.11077680525164116 0.19474835886214442
0 0.3532549234135668 0.8479212253829321 0.11323851203501087 0.1991247264770239
