0 0.31632932166301975 0.3982494529540483 0.10092997811816191 0.17505470459518616
0 0.41602844638949676 0.27899343544857763 0.07631291028446374 0.137855579868709
0 0.5052653172866519 0.32494529540481387 0.11200765864332608 0.19474835886214426
0 0.5963484682713349 0.3391684901531729 0.07754376367614882 0.13566739606126918
0 0.6985092997811817 0.38512035010940915 0.07508205689277903 0.13566739606126926
0 0.7058944201312911 0.5185995623632386 0.0726203501094092 0.13566739606126899
0 0.6849699124726477 0.6673960612691465 0.0972374179431072 0.17067833698030635
0 0.6837390590809628 0.8435448577680524 0.10954595185995637 0.1903719912472648
0 0.5538840262582057 0.8719912472647703 0.11323851203501097 0.19474835886214428
0 0.6117341356673962 0.7450765864332602 0.07877461706783392 0.1334792122538289
0 0.4621854485776805 0.9135667396061271 0.07754376367614857 0.13347921225382928
0 0.6314277899343543 0.45951859956236335 0.07385120350109418 0.13566739606126918
0 0.5464989059080964 0.4682713347921226 0.07631291028446398 0.13566739606126899
0 0.5938867614879649 0.5962800875273523 0.0972374179431072 0.1728665207877462
0 0.4917259299781182 0.5809628008752734 0.09723741794310747 0.16849015317286656
0 0.5391137855579872 0.7122538293216629 0.07877461706783374 0.13347921225382944
0 0.41972100656455147 0.44748358862144416 0.1157002188183806 0.20350109409190395
0 0.44926148796498905 0.7527352297593 0.11323851203501106 0.20131291028446385
0 0.3784874179431072 0.6192560175054705 0.09969912472647692 0.17505470459518577
0 0.29663566739606134 0.5601750547045952 0.07877461706783373 0.13566739606126887
0 0.31756017505470463 0.726477024070022 0.0787746170678337 0.14004376367614846
0 0.36002461706783373 0.8818380743982496 0.11693107221006573 0.20568927789934344
