0 0.5199019160583945 0.3813868613138686 0.0934078467153287 0.16058394160583922
0 0.6127965328467154 0.27463503649635035 0.07390510948905112 0.12956204379562042
0 0.6908074817518249 0.32390510948905105 0.10469890510948904 0.18430656934306577
0 0.781649178832117 0.3385036496350365 0.07287864963503653 0.12956204379562042
0 0.86838503649635 0.3886861313868613 0.06979927007299272 0.1277372262773723
0 0.8740305656934312 0.5136861313868614 0.06671989051094897 0.12591240875912388
0 0.8067974452554734 0.4552919708029198 0.06979927007299265 0.12591240875912382
0 0.7287864963503649 0.4616788321167883 0.07185218978102173 0.1240875912408757
0 0.7878079379562044 0.7244525547445256 0.0708257299270074 0.12408759124087541
0 0.8591468978102195 0.6541970802919708 0.09032846715328498 0.15875912408759138
0 0.8529881386861313 0.8202554744525545 0.10469890510948901 0.1770072992700729
0 0.7713845802919704 0.5821167883211676 0.09135492700729912 0.15693430656934323
0 0.7195483576642329 0.6870437956204382 0.07390510948905156 0.1222627737226272
0 0.6127965328467144 0.4324817518248172 0.1067518248175182 0.18613138686131386
0 0.72981295620438 0.8403284671532846 0.1067518248175184 0.17700729927007303
0 0.6441035583941607 0.875 0.07287864963503651 0.12226277372262784
0 0.6754105839416059 0.5638686131386856 0.08827554744525608 0.15693430656934312
0 0.503834504801072 0.532073943808639 0.08205417521641876 0.13174314364592563
0 0.5192036013699295 0.6927035451853015 0.08830400292446854 0.13916044772332278
0 0.5737910583941607 0.5894160583941604 0.09238138686131388 0.16058394160583944
0 0.6358918795620438 0.7217153284671532 0.10572536496350357 0.18795620437956229
0 0.5517221715328466 0.8348540145985399 0.10777828467153296 0.18795620437956223
