0 0.3864879649890592 0.37636761487965 0.0960065645514224 0.16630196936542663
0 0.48187910284463903 0.27024070021881846 0.07754376367614883 0.1334792122538294
0 0.56496170678337 0.3216630196936542 0.10585339168490161 0.18818380743982493
0 0.6541985776805249 0.33916849015317285 0.075082056892779 0.13129102844638962
0 0.7409737417943109 0.3927789934354486 0.07138949671772418 0.1291028446389497
0 0.4806482494529539 0.4266958424507658 0.10954595185995618 0.1925601750547045
0 0.5994256017505469 0.4628008752735229 0.07385120350109467 0.1291028446389498
0 0.6769693654266957 0.45842450765864284 0.0713894967177245 0.1291028446389497
0 0.7434354485776806 0.5207877461706784 0.07385120350109414 0.13129102844638915
0 0.7268189277899342 0.6630196936542666 0.09231400437636768 0.16192560175054718
0 0.6406591903719914 0.5853391684901534 0.09231400437636744 0.15973741794310756
0 0.6529677242888405 0.7319474835886214 0.0726203501094094 0.1291028446389495
0 0.720664660831509 0.8282275711159731 0.10708424507658641 0.18161925601750575
0 0.5957330415754921 0.8457330415754925 0.1107768052516411 0.18161925601750556
0 0.5865016411378557 0.690371991247265 0.07508205689277912 0.12472647702407028
0 0.5434217724288837 0.5645514223194747 0.09231400437636735 0.16192560175054685
0 0.3643326039387307 0.5251641137855578 0.07385120350109406 0.12691466083150982
0 0.4400300875273523 0.586433260393873 0.09477571115973743 0.1619256017505471
0 0.3797182713347922 0.6870897155361051 0.075082056892779 0.1312910284463896
0 0.5083424507658644 0.8796498905908094 0.07385120350109403 0.1269146608315096
0 0.49972647702406997 0.7253829321663021 0.1107768052516413 0.1903719912472647
0 0.41233588621444184 0.8380743982494531 0.10831509846827142 0.19256017505470446
