0 0.49603391684901516 0.386214442013129 0.09846827133479233 0.16849015317286675
0 0.5938867614879649 0.43544857768052553 0.10954595185995655 0.1969365426695844
0 0.5901942013129104 0.27242888402625826 0.07754376367614925 0.13785557986870903
0 0.674507658643326 0.3172866520787748 0.1107768052516413 0.19256017505470469
0 0.7674370897155363 0.32713347921225383 0.07262035010940918 0.13785557986870908
0 0.8665207877461708 0.37527352297593003 0.06646608315098444 0.12910284463894953
0 0.8745213347921221 0.5087527352297595 0.07015864332604034 0.13785557986870886
0 0.8548276805251639 0.6531728665207878 0.09477571115973779 0.16849015317286672
0 0.8511351203501095 0.8271334792122547 0.10708424507658769 0.19256017505470388
0 0.7237417943107224 0.8533916849015316 0.11077680525164141 0.18818380743982557
0 0.6338894967177245 0.8927789934354484 0.07631291028446377 0.13129102844638937
0 0.5460092933092787 0.8671842427463576 0.14991266392892427 0.2184318708246093
0 0.5017231835096306 0.7139880420546867 0.10004327226695083 0.14826355975364897
0 0.4840698618368046 0.5460702979244341 0.09410786742493621 0.1421184523267955
0 0.5551148796498907 0.6006564551422318 0.09600656455142233 0.16849015317286642
0 0.6228118161925601 0.7363238512035005 0.11077680525164152 0.19912472647702473
0 0.7108178336980302 0.6958424507658643 0.08000547045951899 0.13566739606126965
0 0.7822073304157544 0.7297592997811816 0.07508205689277965 0.13347921225382983
0 0.7649753829321664 0.5820568927789934 0.0972374179431066 0.16630196936542638
0 0.7988238512035015 0.4485776805251645 0.06892778993435508 0.13566739606126885
0 0.7169721006564547 0.4573304157549234 0.07508205689277839 0.13129102844638954
0 0.6628145514223196 0.5667396061269148 0.092314004376367 0.1663019693654266
