0 0.12007003405308007 0.4040863696057174 0.10515415508658334 0.17492288428060954
0 0.22604664546620662 0.28582826863757127 0.07676115887365263 0.14332070977002678
0 0.3171760948905107 0.33785847356686927 0.11481748007207654 0.19575176373575986
0 0.4069784476834743 0.3512773722627736 0.08091853602296667 0.1390907980331675
0 0.49935983454478816 0.40030311822374254 0.07826434276028486 0.14225177900619987
0 0.43798483645359293 0.472249793849067 0.07603533579696395 0.13597562837858468
0 0.3533770576917202 0.47888098219466757 0.07756428855022482 0.13731179183336936
0 0.22582116788321155 0.45397871300736015 0.11872575817732041 0.2044788199004369
0 0.1821085804599457 0.6241104969001006 0.10164958922517808 0.1749686955990596
0 0.10000467657209175 0.5630898207250408 0.07698878386219973 0.1347310875607002
0 0.2970613470818189 0.5912637815716342 0.09942058226185731 0.1734569220902184
0 0.40030645863237907 0.6059730324038722 0.09711426869865326 0.1694026204074152
0 0.5063453448065236 0.5315334575329079 0.08016694407965047 0.13366215679687282
0 0.4871926346852764 0.681569343065693 0.10149927083651451 0.1714946706166211
0 0.4145394626332348 0.7557416852457008 0.07961720825825315 0.13682313776990504
0 0.4854897420822769 0.8571297681947289 0.11626912622545267 0.1977980026265162
0 0.3566067556424275 0.881875515377333 0.11632066395870855 0.19833246800843043
0 0.26512727911309275 0.9215557523745536 0.08136949118895656 0.1378462572152829
0 0.24973038130287395 0.7635525150413823 0.1183735836667382 0.20879271905445448
0 0.3407717870995326 0.7197568946034267 0.08074244876767517 0.14514552728827526
0 0.12119742196805419 0.7323970008856853 0.08527347448309572 0.146924533488073
0 0.1563976937818769 0.8851472070366181 0.1184723643221451 0.20541031670891474
