0 0.2592305034663899 0.3970772378829062 0.0975179809424918 0.17496869559905964
0 0.3591857897107776 0.28246877195125675 0.07566168723085807 0.13553278563357002
0 0.44540841744800397 0.3325405430168278 0.10850840255932565 0.19401856885441135
0 0.5360117525119872 0.34504703295360833 0.08001662569098716 0.13811348990623917
0 0.6283437490455979 0.39629844546926063 0.07781338759429493 0.13468527624225007
0 0.5657168135173931 0.46314861191705076 0.07343268026753776 0.13495250893320734
0 0.6353657652017224 0.5221650429099349 0.0760353357969646 0.13210457196958092
0 0.6165136918578015 0.6697309348563049 0.09651728995510539 0.17283083407140534
0 0.6140098169837828 0.8449783159759341 0.1102349166234004 0.19183489600830736
0 0.48745676556821244 0.8674793085545005 0.11459414989463396 0.19455303423632522
0 0.5439356790000914 0.7457051888953365 0.07533528158690429 0.1324176159789883
0 0.5280126668295516 0.5974292215129953 0.09311150474910686 0.1657529853709187
0 0.47391093134410406 0.7098998259169893 0.078689529059646 0.12943224506001214
0 0.48388777754023743 0.47104724673976117 0.07726365177289746 0.1336621567968729
0 0.36077486981950313 0.44458739272516273 0.11148900146596215 0.20189811562776844
0 0.4284095550957454 0.5814716122530005 0.09353669104846776 0.16526433130745516
0 0.32015454639159524 0.6114474849586171 0.09914571435115932 0.16789084689857336
0 0.24004128745075273 0.5495144000244323 0.0784146611489479 0.13526555294261383
0 0.25815465328467163 0.7158629325351982 0.07588501740830103 0.13726598051491976
0 0.3839582601624777 0.7482629875087806 0.1099858175793302 0.2012720276089558
0 0.2956075535228904 0.8693919310997764 0.11279032923067503 0.20051614085453398
0 0.39769091866963957 0.9072015392603001 0.0763102037076627 0.1341508108603374
