0 0.36864059080962797 0.3763676148796498 0.09723741794310714 0.16630196936542668
0 0.4640317286652078 0.2702407002188184 0.07877461706783363 0.13347921225382936
0 0.5471143326039387 0.32275711159737414 0.10954595185995622 0.18599562363238506
0 0.6363512035010939 0.3380743982494529 0.07385120350109424 0.13347921225382936
0 0.722510940919037 0.39277899343544864 0.07385120350109405 0.12910284463894953
0 0.7274343544857768 0.5218818380743984 0.0689277899343546 0.12910284463894955
0 0.7102024070021877 0.6619256017505469 0.09354485776805245 0.15973741794310692
0 0.7040481400437641 0.8315098468271337 0.1058533916849018 0.18380743982494482
0 0.6381974835886222 0.7330415754923415 0.07508205689277986 0.12691466083150987
0 0.6603528446389495 0.45951859956236313 0.07262035010940944 0.12253829321662989
0 0.5834245076586434 0.46280087527352315 0.0713894967177243 0.13347921225382942
0 0.6246580962800881 0.5853391684901531 0.09477571115973714 0.15973741794310736
0 0.4640317286652079 0.42888402625820576 0.11077680525164119 0.19256017505470444
0 0.5261898249452953 0.566739606126914 0.09231400437636768 0.16192560175054685
0 0.5698851203501099 0.6914660831509845 0.07631291028446394 0.13129102844638985
0 0.5791165207877458 0.8479212253829322 0.1095459518599561 0.18599562363238448
0 0.4911105032822756 0.8807439824945296 0.07385120350109405 0.12472647702406983
0 0.4831099562363238 0.727571115973742 0.10954595185995623 0.19474835886214456
0 0.422182713347921 0.586433260393873 0.09600656455142213 0.1663019693654266
0 0.3464852297592998 0.527352297592998 0.07508205689277893 0.1269146608315096
0 0.3606400437636761 0.6892778993435448 0.07631291028446388 0.13129102844638948
0 0.39510393873085353 0.8413566739606125 0.1107768052516411 0.19474835886214426
