0 0.464031728665208 0.3884026258205688 0.09846827133479208 0.1684901531728669
0 0.5631154266958425 0.43763676148796493 0.1144693654266958 0.19256017505470474
0 0.5594228665207879 0.2713347921225384 0.07754376367614875 0.1356673960612692
0 0.6449671772428885 0.31947483588621445 0.11077680525164083 0.19256017505470444
0 0.7366657549234137 0.3326039387308534 0.07754376367614883 0.1400437636761487
0 0.8394420131291027 0.3785557986870897 0.07138949671772471 0.13566739606126912
0 0.8474425601750548 0.5087527352297595 0.07508205689277925 0.1334792122538293
0 0.8271334792122538 0.6575492341356675 0.09600656455142347 0.16849015317286678
0 0.8203637855579871 0.8304157549234129 0.10462253829321715 0.19037199124726595
0 0.6917396061269145 0.8588621444201315 0.113238512035011 0.18599562363238525
0 0.6025027352297596 0.8971553610503281 0.07754376367614878 0.13129102844638968
0 0.505265317286652 0.862144420131291 0.11200765864332593 0.2013129102844635
0 0.4687277796997907 0.7165477802928205 0.1011810174771557 0.15236068123451646
0 0.5218818380743986 0.6061269146608317 0.09846827133479188 0.17067833698030627
0 0.4499101796997115 0.5479038193159166 0.09704642072017905 0.14755899571231382
0 0.6326586433260393 0.5689277899343539 0.0935448577680517 0.16630196936542693
0 0.6874316192560177 0.460612691466083 0.07508205689277916 0.13347921225382942
0 0.7717450765864329 0.45076586433260374 0.07138949671772434 0.13129102844638957
0 0.7348194748358862 0.5864332603938732 0.0984682713347922 0.17067833698030627
0 0.752666849015317 0.7352297592997811 0.07508205689277882 0.12691466083151007
0 0.6800464989059083 0.6980306345733038 0.07754376367614929 0.13129102844638965
0 0.5914250547045953 0.7407002188183806 0.10954595185995646 0.1991247264770244
