0 0.40955748175182477 0.3877737226277372 0.09443430656934332 0.1660583941605839
0 0.4644730839416063 0.5976277372262774 0.09340784671532866 0.1697080291970799
0 0.6246008211678834 0.8531021897810216 0.10983120437956191 0.1879562043795621
0 0.4418909671532848 0.8503649635036499 0.10983120437956216 0.19708029197080365
0 0.53786496350365 0.8877737226277376 0.07390510948905095 0.12956204379562078
0 0.7518818430656934 0.831204379562044 0.10777828467153283 0.18430656934306616
0 0.6831090328467151 0.7344890510948906 0.07493156934306507 0.1295620437956198
0 0.7554744525547453 0.6614963503649637 0.094434306569342 0.16605839416058388
0 0.6138229927007299 0.6934306569343065 0.07390510948905096 0.13503649635036521
0 0.528113594890511 0.7335766423357661 0.10572536496350388 0.1934306569343064
0 0.404938412408759 0.7025547445255472 0.07493156934306537 0.13138686131386862
0 0.3880018248175184 0.5374087591240878 0.07595802919708043 0.1332116788321175
0 0.5686587591240874 0.5702554744525548 0.09032846715328552 0.16240875912408684
0 0.6671989051094894 0.588503649635036 0.09443430656934267 0.1660583941605833
0 0.7708713503649632 0.5191605839416059 0.07185218978102119 0.13321167883211638
0 0.7020985401459855 0.45802919708029144 0.07390510948905063 0.13503649635036513
0 0.623061131386861 0.46624087591240865 0.07595802919707986 0.12956204379562072
0 0.5045050182481754 0.4361313868613141 0.10983120437956212 0.19343065693430683
0 0.5024520985401457 0.27919708029197055 0.07493156934306518 0.1313868613138682
0 0.5850821167883209 0.32755474452554734 0.10880474452554768 0.1916058394160588
0 0.6748973540145983 0.3394160583941606 0.07903740875912386 0.13868613138686145
0 0.7677919708029193 0.3895985401459852 0.07185218978102097 0.13321167883211724
