0 0.2615563457330416 0.37199124726477023 0.09969912472647699 0.1706783369803063
0 0.3624863238512034 0.2669584245076586 0.0800054704595186 0.13129102844638948
0 0.4474152078774618 0.3205689277899343 0.10954595185995653 0.19037199124726467
0 0.5366520787746174 0.3369803063457328 0.07631291028446377 0.13566739606126887
0 0.6252735229759299 0.3927789934354486 0.07385120350109414 0.12910284463894967
0 0.6283506564551424 0.5207877461706784 0.07262035010940913 0.13129102844638937
0 0.5618845733041575 0.4584245076586434 0.0726203501094092 0.13347921225382928
0 0.48187910284463903 0.46389496717724293 0.07508205689277897 0.13129102844638965
0 0.6117341356673964 0.6652078774617061 0.09354485776805248 0.16192560175054752
0 0.6061952954048144 0.8380743982494527 0.10954595185995633 0.1838074398249452
0 0.5261898249452956 0.5886214442013128 0.09477571115973761 0.16630196936542663
0 0.538498358862144 0.7385120350109411 0.075082056892779 0.1291028446389497
0 0.4689551422319477 0.6958424507658643 0.07631291028446391 0.13129102844638954
0 0.4794173960612694 0.8566739606126914 0.11200765864332611 0.18599562363238464
0 0.3895650984682713 0.8916849015317289 0.07754376367614882 0.12910284463894953
0 0.42464442013129067 0.5700218818380741 0.09600656455142217 0.1641137855579869
0 0.36002461706783384 0.42997811816192544 0.11200765864332604 0.19474835886214437
0 0.23755470459518604 0.5295404814004374 0.0787746170678337 0.13129102844638948
0 0.31694474835886216 0.5929978118161924 0.09723741794310733 0.16630196936542657
0 0.2547866520787746 0.6958424507658644 0.07631291028446394 0.13566739606126937
0 0.28863512035010935 0.851203501094092 0.11446936542669586 0.20131291028446385
0 0.3791028446389496 0.7341356673960613 0.11323851203501048 0.19474835886214428
