0 0.23509299781181614 0.37636761487964987 0.10092997811816189 0.17067833698030627
0 0.338484682713348 0.2636761487964989 0.07631291028446384 0.1334792122538293
0 0.42402899343544864 0.31838074398249455 0.10954595185995618 0.19037199124726467
0 0.514496717724289 0.33260393873085353 0.07877461706783366 0.13566739606126918
0 0.599425601750547 0.39168490153172847 0.07385120350109409 0.1312910284463894
0 0.6031181619256021 0.5207877461706784 0.07385120350109409 0.1312910284463896
0 0.5360366520787745 0.45842450765864334 0.0750820568927791 0.12910284463894972
0 0.45541575492341346 0.46498905908096266 0.0763129102844638 0.13347921225382908
0 0.5852707877461708 0.6663019693654264 0.09477571115973721 0.16411378555798697
0 0.5803473741794312 0.839168490153173 0.10954595185995615 0.1859956236323849
0 0.5120350109409189 0.7374179431072203 0.07631291028446388 0.1312910284463891
0 0.4997264770240698 0.5897155361050328 0.09600656455142213 0.16411378555798645
0 0.4424917943107222 0.6969365426695844 0.07508205689277896 0.12910284463894972
0 0.452954048140044 0.8555798687089713 0.1107768052516409 0.18380743982494505
0 0.36310175054704596 0.8905908096280086 0.07631291028446403 0.1312910284463895
0 0.3360229759299781 0.42450765864332596 0.11323851203501095 0.19693654266958427
0 0.20986050328227587 0.5328227571115973 0.07754376367614886 0.1291028446389496
0 0.2929431072210065 0.5875273522975929 0.10092997811816191 0.1684901531728666
0 0.39818107221006555 0.5678336980306348 0.09477571115973768 0.1641137855579864
0 0.3520240700218817 0.7341356673960614 0.11323851203501087 0.194748358862144
0 0.22709245076586435 0.696936542669584 0.07754376367614882 0.13785557986870878
0 0.26155634573304154 0.8512035010940926 0.1144693654266958 0.19693654266958505
