0 0.49885948905109506 0.383211678832117 0.09238138686131397 0.16058394160583953
0 0.591754105839416 0.27645985401459855 0.07287864963503642 0.12956204379562047
0 0.6718179744525545 0.3248175182481752 0.10572536496350367 0.18248175182481746
0 0.763172901459854 0.34032846715328463 0.07287864963503655 0.1295620437956203
0 0.8519616788321162 0.3895985401459852 0.0697992700729925 0.125912408759124
0 0.8576072080291967 0.5136861313868613 0.06877281021897814 0.12956204379562045
0 0.841697080291971 0.6578467153284668 0.09032846715328498 0.16240875912408748
0 0.8339986313868616 0.8220802919708028 0.10572536496350385 0.1843065693430657
0 0.7683052007299261 0.7271897810218989 0.0728786496350364 0.12591240875912407
0 0.787807937956204 0.45711678832116787 0.06877281021897827 0.12591240875912413
0 0.7005588503649633 0.6906934306569343 0.07287864963503643 0.12226277372262784
0 0.7097969890510953 0.4625912408759124 0.07287864963503657 0.12591240875912402
0 0.7529083029197083 0.583029197080291 0.09340784671532906 0.1587591240875919
0 0.6240875912408752 0.8768248175182485 0.07185218978102167 0.12226277372262759
0 0.7097969890510947 0.8430656934306568 0.10777828467153276 0.17883211678832103
0 0.5922673357664238 0.4333941605839415 0.1067518248175184 0.18795620437956195
0 0.6559078467153283 0.5647810218978101 0.09032846715328455 0.15875912408759107
0 0.4821796605201067 0.5340025772496053 0.08422389479984069 0.13121035797415687
0 0.5306797445255472 0.8385036496350351 0.10675182481751816 0.19160583941605824
0 0.5002544656268102 0.6968768863199079 0.10071791419399957 0.14251180758892218
0 0.6148494525547448 0.724452554744525 0.106751824817519 0.18978102189781004
0 0.5532618613138685 0.5921532846715327 0.09238138686131368 0.15875912408759107
