0 0.40802789934354505 0.39168490153172864 0.09723741794310711 0.1706783369803062
0 0.5028036105032824 0.27571115973741783 0.07754376367614861 0.1312910284463896
0 0.5883479212253833 0.32275711159737414 0.1107768052516409 0.19474835886214448
0 0.681277352297593 0.33479212253829327 0.07508205689277936 0.13566739606126918
0 0.7822073304157553 0.37964989059080906 0.07015864332603904 0.13347921225382897
0 0.7157412472647705 0.4529540481400436 0.07508205689277947 0.13566739606126926
0 0.5058807439824948 0.43982494529540433 0.11570021881838116 0.20131291028446419
0 0.39668668356739034 0.555261628862797 0.10537039177269236 0.147760779267456
0 0.4664934354485779 0.6072210065645515 0.09846827133479208 0.17286652078774623
0 0.4136204569720999 0.7217627740560428 0.1079607409640321 0.15242026667240366
0 0.44864606126914697 0.8654266958424488 0.11446936542669564 0.20350109409190534
0 0.5354212253829322 0.7417943107221006 0.11323851203501072 0.20131291028446407
0 0.5477297592997817 0.9004376367614871 0.07631291028446394 0.13347921225382967
0 0.6363512035010938 0.8588621444201314 0.11323851203501085 0.19037199124726448
0 0.6240426695842454 0.7013129102844637 0.07877461706783381 0.13347921225382875
0 0.5760393873085335 0.573304157549234 0.0935448577680523 0.1706783369803062
0 0.6308123632385121 0.46389496717724316 0.07754376367614885 0.13566739606126924
0 0.679431072210065 0.5886214442013123 0.09846827133479243 0.16630196936542668
0 0.6960475929978118 0.7363238512035012 0.07508205689277922 0.13347921225382936
0 0.7668216630196929 0.8336980306345734 0.10831509846827055 0.19256017505470438
0 0.7692833698030629 0.6597374179431079 0.0960065645514223 0.1684901531728672
0 0.7883615973741795 0.5120350109409187 0.07015864332603972 0.1400437636761483
