0 0.17601203501094098 0.4059080962800874 0.10831509846827142 0.17724288840262573
0 0.24801695842450772 0.2910284463894968 0.08000547045951867 0.14442013129102846
0 0.37787199124726484 0.32713347921225383 0.11816192560175054 0.20350109409190373
0 0.4701859956236325 0.34135667396061237 0.07877461706783345 0.1444201312910284
0 0.5766548140043765 0.3862144420131291 0.07754376367614892 0.13785557986870908
0 0.5828090809628016 0.5262582056892778 0.07754376367614886 0.1422319474835886
0 0.5071115973741795 0.46389496717724277 0.07877461706783377 0.14004376367614876
0 0.5600382932166299 0.6783369803063455 0.10092997811816193 0.17505470459518652
0 0.4184901531728666 0.4737417943107222 0.08123632385120352 0.13785557986870906
0 0.4843408096280084 0.7614879649890588 0.0824671772428883 0.13566739606126899
0 0.4664934354485777 0.6050328227571115 0.10092997811816208 0.1728665207877462
0 0.5606537199124727 0.8599562363238513 0.11693107221006568 0.19693654266958432
0 0.40864332603938736 0.7253829321663021 0.08123632385120344 0.137855579868709
0 0.4252598468271335 0.8916849015317285 0.11939277899343535 0.19912472647702434
0 0.3304841356673961 0.9332603938730848 0.0824671772428883 0.13347921225382917
0 0.22216903719912473 0.898249452954048 0.11939277899343548 0.20350109409190328
0 0.36064004376367614 0.5908096280087527 0.10092997811816196 0.175054704595186
0 0.2849425601750548 0.4518599562363238 0.1218544857768053 0.20787746170678312
0 0.15447210065645522 0.570021881838074 0.08000547045951861 0.1334792122538292
0 0.18032002188183804 0.7439824945295404 0.08000547045951847 0.14442013129102832
0 0.3144830415754923 0.7702407002188184 0.11939277899343542 0.21006564551422346
0 0.24124726477024086 0.63129102844639 0.10339168490153172 0.1772428884026259
