0 0.3994119256017507 0.37746170678336965 0.09477571115973749 0.16411378555798672
0 0.4948030634573303 0.27133479212253825 0.07631291028446376 0.1312910284463895
0 0.5766548140043765 0.3238512035010941 0.10708424507658655 0.1838074398249454
0 0.6658916849015317 0.33916849015317285 0.0738512035010941 0.13566739606126904
0 0.7526668490153173 0.3949671772428885 0.07262035010940916 0.12910284463894967
0 0.7575902625820571 0.5196936542669581 0.07015864332603891 0.1291028446389497
0 0.739742888402626 0.6630196936542667 0.09354485776805242 0.1619256017505475
0 0.6898933260393879 0.4584245076586433 0.07262035010940941 0.12910284463894955
0 0.6665071115973741 0.7308533916849018 0.075082056892779 0.12691466083150976
0 0.7329731947483584 0.8293216630196939 0.10708424507658641 0.18380743982494527
0 0.6123495623632386 0.46280087527352315 0.07262035010940929 0.12910284463894964
0 0.6535831509846827 0.5853391684901529 0.09354485776805264 0.15973741794310684
0 0.49295678336980303 0.42888402625820576 0.1095459518599563 0.1881838074398251
0 0.5988101750547049 0.6914660831509846 0.07508205689277907 0.12691466083150998
0 0.5563457330415755 0.5634573304157547 0.09108315098468267 0.1597374179431075
0 0.6080415754923415 0.8468271334792121 0.1083150984682713 0.17943107221006557
0 0.5206509846827134 0.8752735229759295 0.07385120350109402 0.12691466083150982
0 0.3778719912472647 0.5240700218818382 0.07385120350109424 0.12472647702406993
0 0.4523386214442013 0.5864332603938732 0.09477571115973735 0.16192560175054738
0 0.39202680525164124 0.6849015317286651 0.07262035010940919 0.13129102844638948
0 0.513265864332604 0.7253829321663018 0.10831509846827124 0.1903719912472651
0 0.42587527352297594 0.8369803063457328 0.10831509846827127 0.1903719912472647
