0 0.047968745227987636 0.4080261429923952 0.09593749045597527 0.18066456952631046
0 0.15572126103289244 0.2879432245060014 0.08457342027303551 0.13918242067006673
0 0.247602302400513 0.3374805301896586 0.11852390205540121 0.20434138594508738
0 0.3385191586751365 0.3547055859267627 0.08384759719634713 0.1459472253611461
0 0.4343428366368384 0.4045750236691811 0.08282113734233253 0.14981828177014953
0 0.43983804744525523 0.5363627340194852 0.08324632364169408 0.14074000549735824
0 0.3697252561616224 0.47807928412179707 0.07966445118040481 0.1398924961060379
0 0.28533007054943044 0.48500061081757956 0.0804160431237209 0.14064838286045864
0 0.15262899703753477 0.46038847998045396 0.12365620132547422 0.2072351342271636
0 0.03257184741776869 0.5675411538344074 0.06514369483553738 0.13891518797910946
0 0.11058279632287814 0.6299857984912804 0.10159805149192208 0.1787939406896132
0 0.22597148627187502 0.5981622026081914 0.10575542864123634 0.1752359282900163
0 0.3317591259963964 0.61324939681764 0.09881930870720479 0.17781663256268498
0 0.4196588774699936 0.6886013804477296 0.10102254680389627 0.17621323641694392
0 0.41928308149833554 0.8681244846226674 0.11529420410469453 0.19842409064532907
0 0.34567860878661094 0.7664462633234581 0.08089276715633863 0.14149589225177978
0 0.2877716706624317 0.8920456280731756 0.12025041611947565 0.1989127447087934
0 0.19377543482576415 0.9319472864429035 0.08116763506703722 0.13610542711419288
0 0.17622468924655643 0.7686910179274962 0.11692193751336158 0.20786122224597642
0 0.2717734992975597 0.729281831231103 0.08209531426564454 0.13757902452432433
0 0.047867817167028065 0.7398298873041571 0.08036880020156982 0.14203035763369273
0 0.08513389312219405 0.8941605839416056 0.11674585025807045 0.2093729957548173
