0 0.5414575729927009 0.38321167883211665 0.09340784671532854 0.16058394160583953
0 0.6322992700729921 0.27554744525547437 0.07185218978102177 0.12773722627737222
0 0.7108234489051096 0.3239051094890511 0.10367244525547453 0.1806569343065693
0 0.8016651459854015 0.3385036496350365 0.07390510948905117 0.12956204379562053
0 0.8884010036496344 0.3877737226277372 0.06877281021897821 0.125912408759124
0 0.8930200729927016 0.512773722627737 0.06569343065693448 0.12408759124087565
0 0.8791628649635038 0.6541970802919702 0.08930200729926989 0.1587591240875908
0 0.8719776459854018 0.8166058394160582 0.10161952554744551 0.18065693430656926
0 0.8078239051094885 0.7235401459854013 0.0697992700729925 0.12226277372262735
0 0.8263001824817512 0.45437956204379554 0.06979927007299255 0.1240875912408761
0 0.7498289233576645 0.4607664233576644 0.0708257299270074 0.1259124087591241
0 0.7919137773722624 0.5821167883211679 0.09135492700729939 0.15693430656934299
0 0.7411040145985401 0.6861313868613137 0.071852189781022 0.12408759124087586
0 0.7498289233576643 0.8375912408759121 0.10572536496350365 0.17883211678832103
0 0.6651459854014595 0.8731751824817519 0.07185218978102184 0.12226277372262759
0 0.633325729927007 0.43339416058394165 0.10675182481751808 0.1843065693430656
0 0.5279834786672266 0.5306395123816269 0.08031659231308297 0.13587254328818987
0 0.5413307126971556 0.6926140473798784 0.0868729099586436 0.13637034784137314
0 0.6964530109489053 0.5647810218978102 0.08930200729927014 0.15875912408759146
0 0.59483348540146 0.5903284671532844 0.09135492700729912 0.1587591240875911
0 0.6569343065693429 0.7235401459854013 0.10675182481751816 0.1879562043795618
0 0.5732778284671535 0.8366788321167883 0.10777828467153278 0.18795620437956198
