0 0.4258752735229757 0.3905908096280084 0.09846827133479268 0.16849015317286714
0 0.5200355579868708 0.27571115973741805 0.07754376367614889 0.13566739606126915
0 0.6061952954048142 0.3216630196936543 0.11200765864332574 0.19256017505470444
0 0.6985092997811816 0.33260393873085337 0.07508205689277915 0.1400437636761491
0 0.8000547045951864 0.3785557986870895 0.07138949671772413 0.13566739606126943
0 0.8074398249452954 0.5142231947483589 0.07138949671772436 0.13129102844638962
0 0.7865153172866521 0.6597374179431076 0.09600656455142292 0.16849015317286614
0 0.7840536105032824 0.8326039387308538 0.1107768052516408 0.19037199124726453
0 0.6541985776805253 0.8599562363238508 0.11200765864332601 0.19256017505470444
0 0.7145103938730852 0.7374179431072209 0.07508205689277873 0.1312910284463892
0 0.6960475929978116 0.5864332603938732 0.0972374179431084 0.1706783369803062
0 0.7317423413566737 0.45185995623632375 0.07262035010940948 0.13347921225382936
0 0.648659737417943 0.4628008752735229 0.07631291028446424 0.13347921225382905
0 0.5237281181619255 0.438730853391685 0.11200765864332678 0.19912472647702398
0 0.4113081189093872 0.5535186663508184 0.10098638326879616 0.14523653082883342
0 0.4843408096280087 0.607221006564551 0.09723741794310739 0.1684901531728672
0 0.42991123752713617 0.7201882601499989 0.10194619901267486 0.1502205176508241
0 0.4658780087527354 0.8654266958424506 0.11446936542669586 0.20350109409190364
0 0.5526531728665208 0.7417943107221001 0.11323851203501074 0.20131291028446474
0 0.5649617067833701 0.9004376367614878 0.07877461706783374 0.12910284463895041
0 0.6412746170678338 0.7002188183807437 0.07631291028446409 0.1312910284463897
0 0.593886761487965 0.5711159737417942 0.09477571115973729 0.1706783369803064
