0 0.5132658643326039 0.3851203501094089 0.0960065645514222 0.17067833698030618
0 0.6117341356673962 0.43544857768052525 0.11077680525164159 0.19693654266958427
0 0.6074261487964985 0.2713347921225383 0.07508205689277903 0.13566739606126915
0 0.6892778993435446 0.3172866520787744 0.10831509846827171 0.19256017505470424
0 0.7815919037199126 0.32822757111597384 0.07385120350109459 0.13129102844638935
0 0.8831373085339167 0.37527352297593 0.06523522975929835 0.13785557986870917
0 0.8899070021881834 0.5043763676148798 0.06892778993435433 0.13785557986870914
0 0.8708287746170678 0.6509846827133481 0.09477571115973828 0.1641137855579865
0 0.8659053610503291 0.8216630196936542 0.10462253829321691 0.1859956236323854
0 0.7385120350109409 0.8501094091903721 0.10831509846827116 0.18599562363238525
0 0.6517368708971557 0.8916849015317289 0.07508205689277866 0.12910284463894933
0 0.5615710140629466 0.8616152666834245 0.1401128016118321 0.21063774270715171
0 0.5186561419946132 0.711985400785825 0.102070330070473 0.14906015835253206
0 0.5729622538293216 0.6017505470459512 0.09477571115973724 0.16630196936542632
0 0.5007731774004885 0.5405141618816777 0.08779759384522996 0.14830749712233582
0 0.6400437636761486 0.7330415754923411 0.11323851203501116 0.19693654266958466
0 0.7274343544857769 0.6936542669584241 0.07385120350109452 0.13129102844638924
0 0.7975929978118161 0.7253829321663021 0.07385120350109445 0.12910284463894978
0 0.7803610503282278 0.5809628008752735 0.09600656455142176 0.1641137855579865
0 0.8160557986870891 0.4485776805251639 0.06892778993435437 0.13566739606126904
0 0.733588621444201 0.458424507658643 0.07385120350109442 0.1334792122538294
0 0.679431072210065 0.5656455142231946 0.09108315098468193 0.16849015317286642
