0 0.365563457330416 0.39496717724288843 0.09846827133479184 0.16849015317286622
0 0.4628008752735232 0.27680525164113784 0.07877461706783369 0.1334792122538293
0 0.5489606126914663 0.3238512035010942 0.10831509846827098 0.19256017505470452
0 0.4658780087527352 0.4452954048140041 0.11200765864332586 0.199124726477024
0 0.3464852297592998 0.5525164113785557 0.08000547045951857 0.13347921225382914
0 0.42587527352297605 0.6148796498905904 0.0984682713347918 0.1706783369803071
0 0.36494803063457304 0.7188183807439824 0.07754376367614886 0.13785557986870928
0 0.40679704595186 0.8708971553610495 0.1144693654266959 0.20131291028446496
0 0.49541849015317235 0.74617067833698 0.1144693654266958 0.20131291028446352
0 0.507727024070022 0.905908096280087 0.07754376367614925 0.13129102844638907
0 0.5981947483588622 0.8654266958424506 0.11323851203501017 0.19474835886214495
0 0.7274343544857764 0.8380743982494533 0.11077680525164063 0.19256017505470469
0 0.6560448577680523 0.739606126914661 0.07631291028446398 0.13566739606126946
0 0.7292806345733038 0.664113785557987 0.09723741794310711 0.16849015317286667
0 0.5846553610503284 0.7035010940919038 0.07877461706783342 0.1334792122538289
0 0.5366520787746171 0.5765864332603943 0.09354485776805253 0.17286652078774614
0 0.5920404814004379 0.46608315098468267 0.07631291028446377 0.13566739606126912
0 0.6388129102844643 0.5919037199124727 0.09846827133479173 0.17286652078774573
0 0.6757385120350111 0.45733041575492367 0.07385120350109414 0.13129102844638899
0 0.7495897155361044 0.5153172866520793 0.07385120350109516 0.13785557986870908
0 0.7434354485776804 0.38183807439824924 0.07385120350109389 0.13347921225382936
0 0.6425054704595188 0.3369803063457328 0.07631291028446431 0.14004376367614907
