0 0.3104289466450845 0.39536313105091125 0.09631543383318542 0.17047155117124269
0 0.4066906953394618 0.28306813670097425 0.07708756451760669 0.13789206853373234
0 0.49069720054668187 0.33031487646214475 0.1070567564059489 0.18689490883547688
0 0.5808753493113025 0.3424205173624897 0.07916625309226377 0.1365100937604981
0 0.6722560451852309 0.39246938276883614 0.07566168723085838 0.13495250893320682
0 0.6770254329169589 0.5221650429099346 0.07373331704486445 0.13521974162416395
0 0.6622920834224107 0.6665699538832724 0.0988450775738335 0.1701585071618368
0 0.6582485187673707 0.8371674861802522 0.10718130592798555 0.1892083804171882
0 0.5914040787343858 0.7388067678587786 0.07373331704486545 0.12956967901536134
0 0.574153969932505 0.5921532846715329 0.09501410606847277 0.16740219283511018
0 0.6097171532846717 0.46170173777601275 0.07370754817823699 0.1252939559600523
0 0.529440691521852 0.469646183917173 0.07498310707632143 0.13183733927862454
0 0.4078051988211222 0.44096066334789114 0.11126137647741567 0.19811104663592188
0 0.2890987672937727 0.5435054820877747 0.0764862909629541 0.13473108756069976
0 0.36878683993525313 0.6057057997129158 0.09631543383318539 0.17260941269889782
0 0.4739989749717495 0.57648581376172 0.09473923815777448 0.16579879668936848
0 0.43272798766148507 0.742990868277189 0.10898512659194406 0.19472864429038214
0 0.3075127699050178 0.7110336560486213 0.0766623782182452 0.14025135143389394
0 0.34458987417157866 0.8644748495861708 0.1122148245426506 0.20109641755489868
0 0.4438064529059643 0.8984783007054944 0.07646052209632573 0.13130287389671044
0 0.5317813635738937 0.8618254283358275 0.10971094966863193 0.19214794001771396
0 0.5181367486943773 0.7003290779708636 0.07621142305225552 0.136555905078947
