0 0.3009436542669585 0.37527352297593014 0.10216083150984687 0.16849015317286642
0 0.40125820568927817 0.2680525164113785 0.0763129102844641 0.13347921225382936
0 0.4849562363238512 0.3216630196936543 0.11077680525164083 0.18818380743982502
0 0.5754239606126915 0.3369803063457331 0.07508205689277891 0.13566739606126912
0 0.6628145514223199 0.39387308533916854 0.07262035010940926 0.13129102844638948
0 0.666507111597374 0.5229759299781179 0.07015864332603972 0.1312910284463892
0 0.6492751641137857 0.6684901531728664 0.09231400437636732 0.16411378555798664
0 0.6437363238512035 0.8380743982494527 0.11077680525164112 0.1838074398249452
0 0.5760393873085338 0.7374179431072208 0.07385120350109431 0.12691466083150943
0 0.5994256017505473 0.4595185995623632 0.07138949671772403 0.12691466083151007
0 0.520035557986871 0.463894967177243 0.07508205689277896 0.13129102844638932
0 0.5631154266958422 0.5897155361050329 0.09477571115973751 0.16411378555798656
0 0.5169584245076589 0.8555798687089716 0.11077680525164095 0.18818380743982474
0 0.5064961706783366 0.6980306345733044 0.07754376367614908 0.1269146608315095
0 0.39879649890590807 0.4288840262582058 0.11077680525164117 0.19693654266958405
0 0.4628008752735229 0.5689277899343544 0.0935448577680527 0.16630196936542668
0 0.27755743982494535 0.5284463894967175 0.07754376367614871 0.13347921225382925
0 0.35694748358862144 0.5919037199124725 0.09846827133479205 0.16849015317286636
0 0.29478938730853393 0.694748358862144 0.07754376367614871 0.13347921225382933
0 0.4283369803063456 0.888402625820569 0.07631291028446403 0.13129102844638946
0 0.4184901531728664 0.7330415754923412 0.11077680525164116 0.1925601750547046
0 0.3280224288840262 0.8501094091903717 0.11446936542669589 0.19912472647702398
