0 0.38161307053941906 0.38900414937759314 0.09802904564315326 0.17219917012448147
0 0.4773080912863071 0.27593360995850597 0.07702282157676314 0.13278008298755165
0 0.5625 0.3226141078838172 0.10969917012448116 0.19294605809128595
0 0.6558609958506224 0.3340248962655599 0.07468879668049808 0.13692946058091274
0 0.7538900414937764 0.38278008298755184 0.07235477178423301 0.130705394190871
0 0.7573910788381739 0.5145228215767635 0.06768672199170067 0.13692946058091285
0 0.7410529045643152 0.6597510373443979 0.09569502074688709 0.17012448132780064
0 0.7381353734439832 0.8340248962655608 0.10853215767634834 0.1908713692946059
0 0.6109310165975103 0.8620331950207474 0.11086618257261392 0.1887966804979259
0 0.5216545643153521 0.9024896265560165 0.07702282157676327 0.13278008298755176
0 0.42245850622406617 0.8713692946058079 0.11670124481327765 0.20331950207468824
0 0.5094009336099585 0.7468879668049792 0.11320020746887934 0.20331950207468905
0 0.5502463692946085 0.5746887966804978 0.0945280082987551 0.17012448132780064
0 0.6050959543568464 0.46473029045643166 0.07585580912863098 0.13278008298755267
0 0.6862033195020755 0.45539419087136934 0.07235477178423287 0.13070539419087082
0 0.650609439834025 0.5871369294605806 0.09219398340248952 0.1701244813278009
0 0.5975103734439834 0.7012448132780073 0.07702282157676378 0.13278008298755162
0 0.6686981327800829 0.736514522821577 0.07702282157676338 0.13278008298755256
0 0.4813926348547723 0.44190871369294593 0.1132002074688803 0.1991701244813277
0 0.44171421161825675 0.6099585062240662 0.09686203319502086 0.17012448132780128
0 0.3810295643153527 0.7157676348547707 0.07818983402489645 0.1410788381742733
0 0.36294087136929404 0.5477178423236516 0.07702282157676336 0.13278008298755184
