0 0.2340457311486425 0.3992570931191398 0.10012063647191771 0.17567877103503102
0 0.33358656812143034 0.28469443850594023 0.07723788290626944 0.13161591790611718
0 0.4206853373240084 0.33015835445744107 0.11128714534404362 0.19236936139022068
0 0.5117160060929055 0.345180649299087 0.07738820129493389 0.13205876065113106
0 0.604372260864918 0.3955616467641939 0.07328236187887481 0.1385563326512538
0 0.540617937421739 0.4673098066762364 0.07225590202486044 0.13081421983324704
0 0.6092661981186818 0.5243448981461689 0.07340691140090952 0.1313028738967107
0 0.45897787313318894 0.474074611367315 0.07460945851021607 0.13392938948783
0 0.3347891152307363 0.4474811410072379 0.11243815472009264 0.2070595241731058
0 0.21276494212503436 0.5544772928564883 0.07488432642091421 0.13147848395076822
0 0.2929662446935222 0.612894359099655 0.0971915752985368 0.16650887212533963
0 0.40296065189506136 0.5828726750755886 0.09571416027853315 0.16815807958953063
0 0.5036031079161959 0.6016553156399843 0.09351092218184041 0.16957823046147358
0 0.5917669902727303 0.6718000794062856 0.0952889739791706 0.16806645695263106
0 0.5900640976697312 0.845268454326115 0.11011036710136482 0.1886739150352742
0 0.4624953234279083 0.8705715725498588 0.11093497083346036 0.19183489600830778
0 0.5190128901597284 0.7446591637907338 0.07766306920563146 0.13646428244204806
0 0.44878843378737443 0.7084071404575024 0.07651205982958162 0.13651009376049814
0 0.35873483454478766 0.7494655346180866 0.11201296842073033 0.1961946064807745
0 0.23190476781296765 0.7190888128760349 0.07676115887365226 0.13802186726933968
0 0.2690205253794705 0.8730186604770482 0.11228783633142937 0.2014476376630125
0 0.3740952264606174 0.9074229606328068 0.07953990165836981 0.13254741471459444
