0 0.416039937759336 0.38796680497925273 0.09919605809128612 0.1701244813278009
0 0.5123184647302909 0.27489626556016605 0.07702282157676354 0.13900414937759345
0 0.5963433609958504 0.32157676348547704 0.10969917012448159 0.19502074688796672
0 0.68853734439834 0.3329875518672197 0.07702282157676268 0.1348547717842324
0 0.7877334024896269 0.38278008298755145 0.0723547717842325 0.1348547717842322
0 0.7906509336099583 0.5114107883817429 0.0688537344398346 0.13485477178423205
0 0.7748962655601648 0.6587136929460571 0.0933609958506211 0.1680497925311206
0 0.7713952282157662 0.8319502074688799 0.10969917012448129 0.1908713692946061
0 0.6436073651452291 0.8589211618257258 0.11086618257261466 0.19502074688796572
0 0.5554979253112033 0.9014522821576763 0.07702282157676307 0.1348547717842319
0 0.45630186721991506 0.8661825726141074 0.11436721991701186 0.2053941908713702
0 0.5426607883817425 0.7417012448132796 0.11203319502074706 0.20124481327800806
0 0.6319372406638997 0.6991701244813272 0.07818983402489653 0.1369294605809128
0 0.7019579875518671 0.7354771784232355 0.07585580912863128 0.13485477178423225
0 0.6850363070539416 0.5871369294605803 0.09569502074688616 0.1701244813278009
0 0.7200466804979255 0.4543568464730282 0.0700207468879669 0.13278008298755162
0 0.6389393153526968 0.46369294605809097 0.07585580912863078 0.13485477178423225
0 0.5158195020746892 0.4387966804979253 0.11436721991701243 0.20124481327800767
0 0.5835062240663897 0.5705394190871365 0.09336099585062212 0.16597510373443922
0 0.47555757261410814 0.6058091286307057 0.09686203319502136 0.17012448132780114
0 0.3967842323651453 0.5456431535269709 0.07702282157676349 0.13278008298755142
0 0.41545643153526945 0.7136929460580906 0.07702282157676361 0.13692946058091318
