0 0.48038321167883224 0.38686131386861305 0.09238138686131386 0.16058394160583928
0 0.5727645985401458 0.2801094890510949 0.07390510948905085 0.1259124087591241
0 0.6528284671532848 0.32481751824817506 0.10469890510948911 0.1824817518248173
0 0.7436701642335767 0.33941605839416056 0.07493156934306602 0.1313868613138685
0 0.8309192518248176 0.3877737226277372 0.06877281021897795 0.12591240875912404
0 0.8360515510948907 0.5145985401459856 0.06671989051094922 0.12773722627737222
0 0.8221943430656934 0.6551094890510947 0.09238138686131375 0.1569343065693432
0 0.816548813868613 0.8211678832116792 0.10572536496350335 0.17883211678832134
0 0.7503421532846711 0.7253649635036494 0.07390510948905099 0.12591240875912388
0 0.7688184306569339 0.45711678832116776 0.07185218978102197 0.12591240875912424
0 0.7344320255474456 0.583029197080292 0.09340784671532866 0.15875912408759116
0 0.690807481751825 0.4635036496350366 0.073905109489051 0.12773722627737225
0 0.6820825729927009 0.6897810218978104 0.07287864963503668 0.12408759124087614
0 0.692860401459854 0.8439781021897811 0.10880474452554739 0.1806569343065693
0 0.6071510036496351 0.8777372262773726 0.07287864963503672 0.12408759124087573
0 0.5737910583941607 0.4352189781021895 0.10675182481751821 0.1879562043795623
0 0.6364051094890509 0.5666058394160587 0.09032846715328471 0.1587591240875914
0 0.5973996350364956 0.7262773722627736 0.10675182481751812 0.18978102189781004
0 0.535298813868613 0.5930656934306566 0.0934078467153285 0.16058394160583958
0 0.46422651717380675 0.5382402638217922 0.08580103934235822 0.1322238914939686
0 0.48182641420445976 0.6987222319101867 0.0950023968781909 0.1390792737140692
0 0.5137431569343063 0.8394160583941602 0.10777828467153272 0.1897810218978103
