0 0.1994832387838622 0.4022386464282445 0.10114709632593218 0.1732736768164189
0 0.30176631264697795 0.2822015392603 0.08044181199034889 0.13286045872400212
0 0.39099316075191665 0.333697278807684 0.11233937406468639 0.1920563173808142
0 0.4804583708731638 0.3466046177808995 0.07621142305225566 0.1432748984515777
0 0.572401687001802 0.39627553981003566 0.07728512582842108 0.1392664080872244
0 0.5790607916195829 0.5263033320098954 0.07137976055950837 0.13415081086033676
0 0.5099379542955746 0.4654620834987634 0.07478554576550685 0.13281464740555254
0 0.4286844230064441 0.4755214855083521 0.07886561631493785 0.13424243349723597
0 0.30104048957028995 0.4502641786030601 0.11544452249335749 0.2026540023821878
0 0.17911724452554734 0.555569129279541 0.08089276715633895 0.13001252176037661
0 0.2585798395840331 0.615207830681367 0.10112132745930406 0.1686467336529947
0 0.37207881264697795 0.5853655743212287 0.09589024753382398 0.16628745075283258
0 0.4736725693277951 0.6037702715084139 0.09679215786580357 0.1706929725437493
0 0.5617741769233118 0.6663027211923154 0.09804194789726056 0.16650887212534082
0 0.5580054801789691 0.8508765232263386 0.1123393740646854 0.19170509727270033
0 0.48821909453929097 0.7490875912408761 0.07681269660690809 0.1344638548697429
0 0.43046247480377486 0.8743777295910575 0.11381678908468981 0.19428580154536865
0 0.339244981751825 0.9104503252603614 0.07588501740830092 0.13860214396970388
0 0.2379883677427235 0.8777143206181469 0.11481748007207601 0.2025623797452889
0 0.1997967599945025 0.7240517057080902 0.07798947484958604 0.13860214396970336
0 0.32493681855663786 0.7525807042726689 0.10980973032403836 0.19886693339034409
0 0.41519012651559123 0.7119231591485208 0.0762114230522557 0.13784625721528232
