0 0.2441471268668113 0.3992799987783648 0.09894385822924007 0.17056317380814184
0 0.3463679259689091 0.2845379165012368 0.07751275081696826 0.13655590507894835
0 0.4324531197507865 0.33385380081238736 0.1106858717893899 0.19246098402712009
0 0.5218667921387777 0.3450241272943833 0.08016694407965023 0.13709037046086134
0 0.6152746388541062 0.39453852731881617 0.07485855755428715 0.1370445591424121
0 0.6211327612008671 0.5231881623553126 0.07521073206486915 0.13682313776990537
0 0.5545137987508783 0.46417173136242856 0.07711333338423505 0.1354869743151212
0 0.47046864024371643 0.47380737867635836 0.07651205982958154 0.13651009376049852
0 0.34620472314693196 0.44656873224811383 0.11043677274531957 0.19944721009070648
0 0.22470666440155143 0.5534541734111105 0.07768883807225975 0.13415081086033673
0 0.30589792092966417 0.6122491830314876 0.10012063647191759 0.1762590477353941
0 0.41476494021622934 0.5822504046666463 0.0938373278257943 0.16842531228048693
0 0.515959279464313 0.5984065296399232 0.09794316724185333 0.17047155117124282
0 0.6033586854442167 0.6708876706471608 0.09589024753382315 0.16784503558012417
0 0.5319939567235749 0.7446362581315086 0.07753851968359668 0.13606725101548414
0 0.6012671124362456 0.8437757688666278 0.11083619017805293 0.19103319793543622
0 0.47416217779372694 0.8696591637907336 0.1138425579513177 0.19170509727269994
0 0.45955337782121314 0.7090752221848947 0.07871529792627396 0.14300766576062113
0 0.3687116807409217 0.7520920502092052 0.11294064761933843 0.20153926029991168
0 0.2822141850929969 0.8725529120728089 0.11288910988608268 0.20247075710838852
0 0.2441471268668111 0.7181993097761352 0.07841466114894809 0.13989249610603777
0 0.3838337106404422 0.9069343065693433 0.07793793711633001 0.13619704975109206
