0 0.45221732365145195 0.3838174273858921 0.10153008298755148 0.17012448132780078
0 0.5479123443983405 0.2728215767634856 0.07585580912863064 0.13485477178423225
0 0.5514133817427382 0.43568464730290535 0.11086618257261442 0.19917012448132784
0 0.6313537344398346 0.31950207468879666 0.1096991701244815 0.19502074688796678
0 0.674533195020747 0.4616182572614106 0.07468879668049722 0.13485477178423208
0 0.7235477178423231 0.33195020746887977 0.07702282157676363 0.14107883817427397
0 0.8227437759336085 0.38070539419087185 0.07002074688796753 0.13485477178423236
0 0.8250778008298754 0.5114107883817427 0.06768672199170209 0.1348547717842323
0 0.8122406639004146 0.6576763485477182 0.09336099585062298 0.17012448132780095
0 0.8069891078838168 0.8288381742738586 0.10619813278008362 0.19294605809128676
0 0.6797847510373451 0.8578838174273861 0.11086618257261374 0.18879668049792683
0 0.7381353734439827 0.7344398340248953 0.07585580912863053 0.13692946058091282
0 0.7206301867219906 0.5819502074688804 0.09686203319502013 0.1639004149377594
0 0.7556405601659754 0.4502074688796682 0.06885373443983449 0.13278008298755214
0 0.6196836099585066 0.5715767634854777 0.09336099585062228 0.1680497925311205
0 0.6634465767634856 0.7043568464730291 0.059517634854771725 0.08921161825726145
0 0.579421680497925 0.737551867219917 0.1108661825726141 0.20124481327800783
0 0.5905082987551867 0.8993775933609963 0.07702282157676332 0.13070539419087057
0 0.49481327800829866 0.8641078838174272 0.11436721991701279 0.20539419087137056
0 0.4522173236514528 0.7105809128630706 0.07818983402489649 0.13900414937759312
0 0.5123184647302902 0.6026970954356848 0.09802904564315348 0.1721991701244812
0 0.4335451244813274 0.5404564315352701 0.0781898340248954 0.13485477178423266
