0 0.5356587136929458 0.3827800829875519 0.10036307053941915 0.1680497925311206
0 0.6325207468879668 0.43257261410788383 0.10969917012448109 0.19709543568464757
0 0.6278526970954359 0.2686721991701246 0.07702282157676306 0.13485477178423216
0 0.711294087136929 0.3163900414937759 0.11086618257261487 0.18879668049792545
0 0.8017375518672201 0.32780082987551856 0.0770228215767634 0.13692946058091304
0 0.9009336099585066 0.37136929460580914 0.06535269709543536 0.13278008298755184
0 0.9096862033195023 0.5020746887966807 0.0688537344398341 0.13278008298755153
0 0.8904304979253108 0.6462655601659748 0.09336099585062303 0.16390041493776045
0 0.8863459543568472 0.8184647302904563 0.1038641078838171 0.18879668049792586
0 0.7591415975103736 0.8475103734439837 0.11086618257261428 0.1887966804979249
0 0.6733661825726142 0.8869294605809129 0.07702282157676356 0.1307053941908712
0 0.5765041493775935 0.852697095435685 0.1120331950207463 0.19917012448132712
0 0.6622795643153527 0.7282157676348538 0.1085321576763495 0.19917012448132737
0 0.748054979253112 0.6887966804979255 0.07468879668049823 0.12863070539419028
0 0.8174922199170122 0.7219917012448136 0.07352178423236576 0.1286307053941907
0 0.8005705394190873 0.5767634854771783 0.0933609958506224 0.16182572614107943
0 0.8349974066390043 0.4460580912863075 0.06651970954356816 0.1327800829875512
0 0.7527230290456433 0.4553941908713694 0.07468879668049819 0.13485477178423247
0 0.7007909751037341 0.5643153526970955 0.08985995850622412 0.1701244813278007
0 0.5945928423236515 0.596473029045643 0.0968620331950203 0.17219917012448108
0 0.5278131686113974 0.5389069883477989 0.09575961911054527 0.1548237485745895
0 0.5452488794412761 0.7074650936542051 0.0962769807754863 0.15082854860063263
