0 0.2195872495647925 0.4023951684329478 0.09874200210732073 0.17037992853434322
0 0.32104357229026026 0.2848051491921939 0.07944112100296305 0.13913660935161723
0 0.40948232255749306 0.3343424548758513 0.11056132226735431 0.19130043062639315
0 0.4978953039580978 0.34569220902177555 0.08029149360168597 0.1398466847875881
0 0.5919924678557249 0.3946950493235194 0.07871529792627394 0.133081880096509
0 0.528175869651529 0.46824512109458477 0.07696301499557133 0.13410499954188698
0 0.597386750603182 0.5253260238829668 0.0739824160889346 0.13575420700607713
0 0.5801624106679293 0.673025532174816 0.09736766255382849 0.16624163943438325
0 0.5770078719115536 0.8477613535717559 0.11183688116543941 0.1909873866169865
0 0.4500403712243838 0.8725071007543593 0.11506657911614696 0.19419417890846996
0 0.5076595570045506 0.7484424151727083 0.0804933497236044 0.13157010658766793
0 0.491824588461656 0.5996319824084533 0.09814502336377232 0.16757780288916757
0 0.4478242486943772 0.47445255474452536 0.07578623675289356 0.13468527624225046
0 0.32063127042421286 0.4508864490120027 0.11672008139144269 0.20166905903551938
0 0.19944673288947268 0.5547674312066699 0.07453215191033188 0.12992089912347649
0 0.2806487264453471 0.6144977552453958 0.1012974147145953 0.17122743792566295
0 0.3911563635738938 0.5840523165256695 0.09759099273127064 0.16882234370705188
0 0.4369712610328926 0.7118124484622667 0.07956567052499802 0.13539535167822117
0 0.34745666058394165 0.7381386861313868 0.08519616788321166 0.17335766423357668
0 0.3603002931924382 0.9094043001557591 0.07899016583697355 0.131883150597074
0 0.2565526887426321 0.8761796414500809 0.11439229377271493 0.19993586415417078
0 0.2195249748037747 0.7218718504718562 0.07899016583697274 0.13886937666066054
