0 0.5274896265560166 0.3848547717842324 0.09802904564315337 0.16390041493775936
0 0.6191001037344398 0.27282157676348545 0.07818983402489596 0.13485477178423233
0 0.7013744813278011 0.31535269709543556 0.10736514522821511 0.1908713692946059
0 0.7929849585062236 0.32780082987551873 0.07585580912863141 0.13692946058091301
0 0.8927645228215768 0.3744813278008297 0.06768672199170142 0.1348547717842326
0 0.8997665975103737 0.5041493775933613 0.06535269709543556 0.13278008298755165
0 0.8250778008298757 0.44709543568464727 0.06768672199170123 0.13070539419087174
0 0.7451374481327798 0.45435684647302876 0.07352178423236524 0.12863070539419103
0 0.622017634854772 0.43257261410788383 0.1096991701244814 0.19709543568464727
0 0.5152209531352895 0.5397882758078745 0.08696197093043416 0.14328174807537208
0 0.5846732365145229 0.5985477178423235 0.09569502074688825 0.16804979253112046
0 0.6902878630705396 0.5632780082987553 0.09452800829875485 0.1639004149377593
0 0.7906509336099589 0.5778008298755188 0.09219398340249002 0.16390041493775942
0 0.8822614107883819 0.6483402489626556 0.09336099585062246 0.16390041493775923
0 0.8093231327800835 0.723029045643154 0.07352178423236483 0.1348547717842334
0 0.877009854771784 0.8205394190871368 0.10619813278008434 0.18879668049792592
0 0.7503890041493771 0.8495850622406641 0.10969917012448124 0.1887966804979255
0 0.662863070539419 0.8890041493775935 0.0746887966804988 0.1265560165975104
0 0.5683350622406637 0.854771784232364 0.11436721991701201 0.19917012448132831
0 0.6517764522821584 0.7302904564315356 0.10853215767634891 0.19502074688796633
0 0.7387188796680499 0.6898340248962654 0.07235477178423272 0.12655601659751065
0 0.5309934488579998 0.7091406494495263 0.09413672808033226 0.14921432103829127
