0 0.361477071435116 0.3892205967687751 0.09872052805179693 0.17029594111718502
0 0.45762500763521985 0.27933069663744914 0.07666237821824518 0.13762483584277568
0 0.5431475811623856 0.3280663042482362 0.11161355098799691 0.19085758788137955
0 0.633312845493693 0.3404620834987629 0.08224563265430826 0.13731179183336895
0 0.7272596910026573 0.3894420181412822 0.07741397016156212 0.13682313776990485
0 0.45877816441682157 0.4378683993525334 0.1111625958220077 0.19343829215404773
0 0.5800249767125798 0.4663744922578872 0.0750088759429496 0.13108145252420358
0 0.6599514113703688 0.45974330391228646 0.07268108832422224 0.13188315059707376
0 0.7308265316250808 0.5195385273188157 0.07373331704486508 0.13157010658766727
0 0.7147295796048009 0.6658369727880767 0.0969167073878388 0.16655468344378846
0 0.7108363333384239 0.8386372659805146 0.1103122232232833 0.19170509727269974
0 0.5823141110313653 0.8581757932993306 0.11619611443667291 0.19330849341844078
0 0.493776580108726 0.8926678984821181 0.07591078627492914 0.13286045872400168
0 0.3960009104999541 0.8558394160583935 0.11033799208991205 0.20056195217298278
0 0.4821226101762213 0.7346455730995939 0.10928576336927033 0.19788962526341528
0 0.5708233439208381 0.6974582353480137 0.07373331704486423 0.13606725101548464
0 0.6419132047307821 0.735668692544971 0.07711333338423555 0.1337079681153227
0 0.6252643694835538 0.5909736432214523 0.09579146687841619 0.1670891488257037
0 0.5256719947775099 0.5732141221024338 0.09483801881318137 0.16495128729804853
0 0.41872046124362455 0.5999412088079891 0.09649152108847689 0.16419540054362725
0 0.3419485653422103 0.5393213816693644 0.07608687353022045 0.13259322603304508
0 0.35961097601013947 0.7046238890755271 0.07711333338423511 0.1362428610695415
