0 0.5064834024896266 0.3817427385892116 0.09802904564315314 0.17012448132780078
0 0.5998443983402489 0.27282157676348545 0.0770228215767635 0.1348547717842322
0 0.6827022821576755 0.31742738589211617 0.1096991701244806 0.19087136929460546
0 0.773145746887967 0.3288381742738588 0.07818983402489578 0.1390041493775934
0 0.8723418049792524 0.3765560165975105 0.06885373443983424 0.13070539419087132
0 0.8805108921161804 0.5051867219917014 0.06885373443983352 0.1348547717842323
0 0.8064056016597512 0.44709543568464755 0.07002074688796765 0.13485477178423277
0 0.861255186721991 0.6483402489626552 0.09336099585062206 0.16804979253112098
0 0.8565871369294596 0.8205394190871351 0.10736514522821534 0.18879668049792528
0 0.7305497925311202 0.8464730290456438 0.1096991701244814 0.19087136929460521
0 0.7894839211618266 0.7240663900414936 0.07352178423236536 0.13278008298755226
0 0.7713952282157682 0.5798755186721993 0.09336099585062275 0.16804979253111996
0 0.7252982365145223 0.4574688796680496 0.07352178423236481 0.1348547717842322
0 0.6045124481327803 0.43360995850622386 0.10969917012448144 0.1950207468879666
0 0.490145228215767 0.5363070539419091 0.07702282157676321 0.13900414937759348
0 0.5648340248962657 0.599585062240664 0.09569502074688759 0.16597510373443974
0 0.6710321576763486 0.5643153526970955 0.09336099585062214 0.17012448132780061
0 0.7200466804979244 0.6919087136929462 0.07702282157676422 0.13485477178423225
0 0.6325207468879672 0.7313278008298755 0.10969917012448092 0.20124481327800806
0 0.547328838174273 0.854771784232366 0.112033195020747 0.1991701244813279
0 0.643607365145228 0.8879668049792541 0.07585580912863081 0.1327800829875521
0 0.5047328838174269 0.7033195020746881 0.07818983402489606 0.13692946058091293
