0 0.3889496717724289 0.3927789934354486 0.09846827133479213 0.1728665207877462
0 0.4849562363238512 0.2757111597374179 0.07631291028446435 0.1356673960612692
0 0.5705005470459522 0.32385120350109425 0.10954595185995611 0.19256017505470463
0 0.6628145514223195 0.33588621444201316 0.07508205689277919 0.1334792122538292
0 0.7643599562363238 0.3818380743982495 0.07385120350109411 0.1334792122538291
0 0.4874179431072209 0.4409190371991248 0.11323851203501135 0.19912472647702414
0 0.36925601750547044 0.5514223194748358 0.0787746170678336 0.13129102844638918
0 0.3941470651101312 0.72295640800356 0.10394518690990438 0.15095447421665711
0 0.4295678336980307 0.8698030634573302 0.11323851203501119 0.19912472647702434
0 0.5169584245076579 0.7450765864332604 0.11077680525164063 0.19912472647702356
0 0.4480306345733042 0.6105032822757108 0.0960065645514221 0.17067833698030715
0 0.5575765864332607 0.5722100656455139 0.09600656455142226 0.16849015317286675
0 0.6049644420131288 0.7035010940919036 0.07754376367614942 0.12910284463894983
0 0.5286515317286652 0.9026258205689275 0.07754376367614899 0.13347921225382983
0 0.6178884026258202 0.8621444201312913 0.11323851203501176 0.1881838074398246
0 0.7483588621444197 0.8358862144420126 0.10831509846827053 0.19256017505470524
0 0.6769693654266955 0.7374179431072209 0.07631291028446467 0.13129102844638948
0 0.7508205689277904 0.6608315098468269 0.09600656455142303 0.16630196936542668
0 0.6603528446389497 0.5886214442013126 0.09723741794310728 0.16630196936542718
0 0.6123495623632382 0.46389496717724277 0.07508205689277923 0.13566739606126904
0 0.6972784463894968 0.4562363238512035 0.07262035010940981 0.12910284463894958
0 0.7711296498905912 0.5142231947483589 0.07015864332603879 0.13566739606126918
