0 0.1887705548790054 0.30656934306569344 0.16424104774783513 0.2554744525547445
0 0.838544513328649 0.4961148672163936 0.1541265839046449 0.2522958130124688
0 0.43406562619070727 0.494525547445256 0.14077804092671586 0.2189781021897806
0 0.47192638719751334 0.8394160583941596 0.13117953813625766 0.1824817518248172
0 0.34321580066904345 0.3068976478067388 0.10124633903362852 0.16687857596948508
0 0.15326280679402476 0.5166878575969484 0.14861847931541797 0.2209154481881752
0 0.11053499399084213 0.6986649713922438 0.1467607483239753 0.20979020979020985
0 0.07012934492696277 0.8768277153116995 0.14025868985392553 0.18086459480571807
0 0.2470782218618824 0.6837253655435473 0.13747209336676164 0.20025429116338195
0 0.20202824531939634 0.8672917991099807 0.13468549687959758 0.18277177368086456
0 0.3320694147203873 0.8513986013986019 0.13282776588815443 0.18595041322314004
0 0.3915168064465541 0.6757787666878576 0.13282776588815481 0.203432930705658
0 0.2949147948915327 0.48506039415130303 0.1458318828282537 0.22568340750159002
0 0.5197002448561022 0.6598855689764777 0.13282776588815506 0.2002542911633819
0 0.5954027827573928 0.8124602670057216 0.12632570741810517 0.18436109345200322
0 0.7343444682236904 0.7099491417673235 0.18205763716138698 0.27495232040686596
0 0.9108289124107495 0.6948506039415128 0.1727689822041733 0.27018436109345184
