0 0.39724191866527603 0.35036496350364965 0.13362877997914488 0.21532846715328474
0 0.6293266619917545 0.5083467998664541 0.21058414923455643 0.2390467020320004
0 0.07835505735140771 0.4709853986754034 0.15671011470281543 0.2594890455259894
0 0.769860575512614 0.1758686161279305 0.2621743738776462 0.3517372322558612
0 0.8436093664566706 0.5299959306141322 0.27342678762634504 0.3057320879117013
0 0.9332939787485239 0.43805199872308714 0.010625737898465104 0.003546979746745649
0 0.33637225749531313 0.7636141107810489 0.16213096513510894 0.15516166991927519
0 0.5141898559910674 0.7734480145165854 0.13262280761227047 0.13229856929330766
0 0.1755173250301678 0.8903331532559123 0.21661896175911885 0.21321138066401318
0 0.3494687131050766 0.5737239740361081 0.13223140495867763 0.20395133543787466
0 0.523022432113341 0.586138403149717 0.11097992916174747 0.16848153797041804
0 0.41263282172373067 0.7359982974497215 0.06021251475796923 0.09931543290887802
0 0.6623376623376619 0.9445607038522346 0.07083825265643441 0.08725569635768124
0 0.6086186540731995 0.32632213670059934 0.10507674144037779 0.1525201291100628
0 0.9409681227863034 0.22079948923491483 0.11806375442739327 0.250062072145566
