0 0.4904382864880932 0.3759124087591239 0.23139676982528015 0.21167883211678834
0 0.8856557783135706 0.6989051094890505 0.20272814347524595 0.16788321167883183
0 0.2723519503253293 0.375 0.2211579747002674 0.2062043795620437
0 0.7112119829340606 0.38844944478982824 0.21679027995040268 0.20315911172355164
0 0.1664389891232118 0.539260809934305 0.22378351478751127 0.18820261270095856
0 0.38113129862248074 0.5417535597714044 0.21399298601555913 0.18570986286386104
0 0.5888303732846404 0.5454926845270528 0.20699975117844832 0.1807243631896628
0 0.8007253888490642 0.5498549967419752 0.21119569208071376 0.18197073810821107
0 0.08811475894758285 0.6870808733724456 0.1762295178951657 0.17424321741683976
0 0.2839253343866558 0.681970738108212 0.20140516330876068 0.1670142390856194
0 0.48113455679315037 0.6944344872937058 0.2069997511784482 0.17199973875981694
0 0.6832390435856207 0.6994199869679006 0.2083983981458718 0.16950698892271782
0 0.18811801711825038 0.827796603578484 0.1972092224064931 0.15953598957432114
0 0.3818306221061922 0.8392176355071268 0.19860786937391683 0.16202873941142243
0 0.569249315740733 0.8205220117288853 0.18741869363454222 0.1570432397372269
0 0.7615632737612499 0.8348553232922022 0.18881734060196587 0.1582896146557776
0 0.9258880015799792 0.8354785107514761 0.14822399684002951 0.154550489900124
0 0.04615534992492423 0.8175307100225473 0.09231069984984847 0.17050409266119004
0 0.1021012286218022 0.9401740039096268 0.19581057543907243 0.1196519921807403
0 0.28742195180521 0.9426667537467261 0.18881734060196254 0.11466649250654283
0 0.4755399689234625 0.9414203788281772 0.18462139969969718 0.1171592423436454
0 0.655266104237182 0.9414203788281768 0.18322275273227578 0.11715924234364476
0 0.8384888569694569 0.9426667537467246 0.1804254587974319 0.11466649250654609
