0 0.4958047445255479 0.21624087591240873 0.08485036496350369 0.15145985401459844
0 0.37359489051094896 0.3111313868613138 0.08105109489051078 0.14416058394160583
0 0.5490318637953726 0.6190270859109952 0.08808265230639364 0.14961295782989176
0 0.33496897810219045 0.17791970802919693 0.07978467153284684 0.1405109489051096
0 0.18553102189781023 0.14781021897810218 0.0747189781021898 0.13503649635036494
0 0.2583503649635036 0.1642335766423358 0.07598540145985395 0.14233576642335763
0 0.45844525547445214 0.07572992700729927 0.0911824817518249 0.1478102189781022
0 0.3729616788321169 0.06934306569343061 0.07978467153284682 0.13868613138686123
0 0.2944434306569342 0.060218978102189756 0.07725182481751808 0.12043795620437951
0 0.22225729927007293 0.05291970802919705 0.07471897810218978 0.1058394160583941
0 0.09054927007299268 0.12500000000000008 0.07218613138686134 0.13686131386861322
0 0.05698905109489049 0.23083941605839414 0.06585401459854014 0.13321167883211674
0 0.03102737226277373 0.33120437956204385 0.05952189781021899 0.12956204379562045
0 0.027861313868613145 0.10875912130314064 0.05572262773722629 0.13722627180336158
0 0.054456204379562057 0.03467153284671534 0.07091970802919709 0.06934306569343068
0 0.013297445255474449 0.21806569343065674 0.026594890510948897 0.1222627737226276
0 0.22289051094890508 0.27372262773722633 0.07345255474452562 0.1386861313868614
0 0.29824270072992687 0.29197080291970795 0.07725182481751837 0.14233576642335768
0 0.2608832116788319 0.4014598540145983 0.0759854014598538 0.14233576642335774
0 0.41032116788321155 0.44434306569343063 0.08358394160583904 0.14416058394160608
0 0.4514799270072992 0.33120437956204357 0.0848503649635033 0.15145985401459838
0 0.33496897810218973 0.4224452554744523 0.07725182481751816 0.14051094890510976
0 0.6076081916805619 0.5867356043999079 0.08877227592874462 0.14826394983748856
0 0.515992189889619 0.7589361335922508 0.09532868905265346 0.15943245703551526
0 0.6727396136649577 0.872243905123845 0.08961842222272765 0.14301108094250936
0 0.6602145049014156 0.553170447369551 0.08580734177988603 0.1531650168069905
0 0.573267708691241 0.940330402247364 0.06212570955729632 0.11752665704499321
0 0.5179671532846716 0.9616788321167878 0.06078832116788328 0.07664233576642274
0 0.48212309772438905 0.8949881669082468 0.10238704742858956 0.16152797224279936
0 0.5417179066260137 0.8546664372341414 0.09927911219184765 0.1586037964028378
0 0.629081466057493 0.6856353141479415 0.0866242995802149 0.15033547878607606
0 0.6816879316705188 0.6533858952812213 0.08236728619624899 0.14533035884757112
0 0.5751898091405455 0.7219268143150278 0.08631855708887094 0.15281346726216158
0 0.596636744556192 0.8195764890127286 0.09069467725405544 0.15225278187375324
0 0.6222405873106306 0.9103759792046945 0.09121418255199032 0.1459200402158615
0 0.7010560728141283 0.7457411035513901 0.08974599504072842 0.14403777944247678
0 0.6521823461785827 0.7826573726309103 0.09015665895099602 0.1455662699734262
0 0.7907348585389385 0.7941952705555895 0.049662634976172265 0.12464559329191012
0 0.8447043795620438 0.5574817518248169 0.0481240875912409 0.12591240875912413
0 0.7991131386861322 0.5848540145985407 0.05065693430656879 0.12956204379562053
0 0.8858631386861309 0.5310218978102184 0.04432481751824846 0.12408759124087586
0 0.8073344242022074 0.8776769017313147 0.04993475900343894 0.12086022802678462
0 0.9251745943174281 0.5080231646256859 0.04597849429933007 0.1187187066417326
0 0.8327727875972726 0.7621101526211017 0.04967310128491352 0.11799481208903975
0 0.8780814381371788 0.7334559932436516 0.04504699282137719 0.11618507570730591
0 0.04179197080291971 0.7828467153284672 0.030394160583941607 0.051094890510948975
0 0.9118248175182465 0.4160583941605838 0.04559124087591221 0.12773722627737205
0 0.8611050853592336 0.6471617301079806 0.04734958074440494 0.1252940821620315
0 0.8250748175182467 0.46350364963503643 0.05192335766423351 0.12773722627737233
0 0.8693996350364962 0.44069343065693434 0.04939051094890509 0.12956204379562034
0 0.7707878385715149 0.7035953429450444 0.05023828195692829 0.13874645593291915
0 0.8163162815949812 0.6764492972190388 0.04919165108282577 0.12668154672136098
0 0.9413886710502508 0.5950111600410206 0.043958496712311584 0.11763286481269247
0 0.8513784158774199 0.8468661398322976 0.046051758460517477 0.12064909211558189
0 0.900570066960246 0.6191409784641368 0.04395849671231249 0.11763286481269329
0 0.9162695300717861 0.7028412861193213 0.04605175846051721 0.11612475116124711
0 0.8911503890933219 0.811425469023345 0.04395849671231308 0.11310852385835797
0 0.984823852325511 0.5580623755806235 0.030352295348977452 0.11612475116124771
0 0.9900570066960248 0.6447789105386978 0.019885986607950806 0.11461663750980343
0 0.4133633950654523 0.20440972431682447 0.07849731555770051 0.1357302286300297
