0 0.33242458886641446 0.35310218978102187 0.10834579192683128 0.3485401459854014
0 0.1699059009761674 0.41788321167883175 0.16990590097616742 0.6094890510948898
0 0.2893325125318793 0.6177007299270073 0.10095857884091104 0.3339416058394161
0 0.39152229355377716 0.6651459854014596 0.10588338756485802 0.34854014598540123
0 0.5552721836250111 0.5784671532846717 0.061560109049336044 0.17518248175182494
0 0.4610852167795273 0.7992700729927006 0.05294169378242925 0.15693430656934385
0 0.5320717464339306 0.7017122573993538 0.05718291241490408 0.15796667891437768
0 0.5588381373498073 0.8485182097868339 0.056035887092271336 0.16535232276922623
0 0.5091021018380087 0.8239051094890505 0.052941693782429126 0.1624087591240884
0 0.6141020949003555 0.8758006712476756 0.06247865432786314 0.16484093514014592
0 0.6703021731174377 0.9011314965423053 0.06528609130704897 0.17584742277087156
0 0.5846397319660829 0.7233022753321947 0.06159895990703834 0.16166429938523807
0 0.48078768924678966 0.6798308993293004 0.055371722429651056 0.1580050672618689
