0 0.3471601277372263 0.3166058394160584 0.1661815693430657 0.12956204379562042
0 0.5816354927007302 0.39416058394160536 0.15252281021897823 0.11313868613138682
0 0.7899315693430655 0.7305054498989689 0.12292883211678836 0.07414958592932465
0 0.6654769602610776 0.4750725016290106 0.1430464494019129 0.10469549315815209
0 0.8621658281887095 0.5274202482080851 0.14149159669102596 0.09472449380975673
0 0.5605244022759789 0.7206083605832393 0.11039454247321698 0.06481149576456839
0 0.35061928630577827 0.7274634226352613 0.10728483705143496 0.06605787068311988
0 0.30164142591273146 0.6620287394114189 0.13060762771479156 0.08475349446135888
0 0.4571266970017681 0.7168692358275922 0.10572998434054594 0.06730424560166984
0 0.7331130531848062 0.5405071848528498 0.13527218584745943 0.09846361856540341
0 0.7323356268293644 0.6751156760561875 0.12438821687122717 0.07353612019441444
0 0.6701415183937465 0.7218547355017897 0.11194939518410686 0.07228974527586567
0 0.8489495801461413 0.665144676707791 0.12749792229300883 0.07602887003151404
0 0.8007491461085361 0.6165360548843626 0.1368270385583532 0.0884926192170086
0 0.8069685569521009 0.46198556498424187 0.15548527108903581 0.11092736775089923
0 0.7385550376729225 0.3847103200341773 0.16792409277615647 0.12089836709929111
0 0.527095068991836 0.48130437622175815 0.13993674398013278 0.10220274332105102
0 0.4392458908265299 0.39966681905677226 0.15082071295636632 0.10843461791379827
0 0.6740286501709767 0.8148343025237601 0.09484601536431271 0.056336142514797544
0 0.7680972391798435 0.8173270523608593 0.09951057349698386 0.05633614251479899
0 0.4897786039304681 0.8209415415264699 0.10262027891876471 0.03863762247503132
0 0.4058165575423856 0.8361016982107506 0.09329116265342276 0.05857962117182353
0 0.6110571153799147 0.6678410842065813 0.11816880602766786 0.07104337035731619
0 0.8054137042412098 0.845449510099869 0.0964008680752035 0.049854996741977235
0 0.6732512238155269 0.611131025412582 0.12749792229300969 0.08475349446136055
0 0.4750075031770058 0.5799716524488453 0.13527218584746148 0.0947244938097553
0 0.3754969296800254 0.9258406923463107 0.0637489611465054 0.03863762247503146
0 0.6063925572472428 0.5600296537520572 0.13682703855835224 0.09223174397265703
0 0.25033128645335 0.7289134552155048 0.10883968976232664 0.06605787068311991
0 0.14304644940191427 0.7488554539122952 0.11194939518410715 0.06605787068311911
0 0.2658798135622514 0.41108785098540546 0.16170468193259757 0.0959708687283028
0 0.2122373950365361 0.3587401044063344 0.05131013945938239 0.008724624429845776
