0 0.6177007299270074 0.48905109489051085 0.11861313868613137 0.11313868613138682
0 0.4187956204379561 0.5720802919708031 0.11861313868613124 0.10766423357664232
0 0.6122262773722624 0.7877427252835127 0.11496350364963517 0.09969703118479871
0 0.14880370442567797 0.658811658790408 0.1094890510948905 0.10285771334074882
0 0.13772442849970776 0.4796384715056249 0.11591286742509353 0.1159128674250956
0 0.251144546087703 0.47839209658707504 0.11342011758799478 0.11092736775089718
0 0.36082553892004926 0.48026165896489936 0.11840561726219462 0.11217374266944753
0 0.09160855651338011 0.5687542781819046 0.11591286742509337 0.11217374266944848
0 0.31097054217807363 0.570000653100455 0.11591286742509258 0.10968099283234872
0 0.20128954934572627 0.5693774656411784 0.11342011758799476 0.11092736775089813
0 0.12775342915131305 0.8529277596111691 0.10843461791379777 0.09472449380975681
0 0.36768060097207145 0.6603628346952876 0.11466649250654537 0.10594186807670045
0 0.5608687133472274 0.5787252775303015 0.1146664925065468 0.10968099283234807
0 0.8350711954280936 0.6765657086364282 0.1171592423436473 0.10594186807670095
0 0.782100261389745 0.5818412148266753 0.11591286742509593 0.10843461791379828
0 0.89427400405919 0.5812180273674001 0.11840561726219684 0.10968099283234903
0 0.8462885696950376 0.48836309593546956 0.11965199218074123 0.11092736775089573
0 0.7328684521070449 0.4877399084761964 0.11715924234364575 0.11466649250654562
0 0.2586227955989997 0.6628555845323862 0.11342011758799607 0.10594186807670133
0 0.17262292621909128 0.774406139742557 0.11092736775089687 0.0997099934839539
0 0.279187981755065 0.7731597648240084 0.11217374266944594 0.1046954931581496
0 0.3863762247503128 0.7731597648240082 0.11217374266944563 0.10220274332104956
0 0.6711728936388478 0.5824644022859491 0.11342011758799746 0.10718824299524878
0 0.23057935993163825 0.8535509470704443 0.10968099283234652 0.09597086872830256
0 0.6593323319126294 0.8647683213373862 0.11217374266944477 0.09846361856539973
0 0.7640278250707779 0.8647683213373866 0.10718824299525066 0.095970868728306
0 0.28666623126636087 0.9370580666132517 0.1071882429952495 0.09597086872831047
0 0.3327821032526871 0.8585364467446379 0.10968099283234617 0.09597086872830199
0 0.18695623778240913 0.9358116916947022 0.10220274332105168 0.09098536905410913
0 0.8699696931474757 0.8678842586337595 0.10968099283234682 0.09721724364685196
0 0.823853821161149 0.7868698889280488 0.11217374266944605 0.09970999348395275
0 0.6144628348448505 0.6715802089622304 0.1096809928323477 0.10344911823959996
0 0.7179119530844492 0.7831307641724007 0.10968099283234688 0.09970999348395164
0 0.8126364468942036 0.9470290659616469 0.1071882429952514 0.09098536905410974
0 0.7228974527586497 0.6703338340436822 0.11217374266944607 0.10594186807670188
0 0.3882457871281364 0.9345653167761534 0.10843461791379724 0.09597086872830055
0 0.4387239713293868 0.856043696907541 0.10718824299524707 0.0984636185653992
0 0.5596223384286759 0.8635219464188357 0.10718824299524933 0.09846361856540593
0 0.608230960252104 0.9414203788281738 0.10968099283234929 0.09721724364684908
0 0.7104337035731535 0.9513913781765686 0.10968099283234713 0.09721724364685386
